0 0.7175591588020325 0.8738985061645508 0.06698540598154068 0.07127227634191513
0 0.6702036261558533 0.9458175897598267 0.059553585946559906 0.06195640563964844
0 0.2750622630119324 0.7983394861221313 0.05822358280420303 0.047384072095155716
0 0.1914283186197281 0.8256895542144775 0.06040458753705025 0.08214493095874786
0 0.554752767086029 0.859596848487854 0.06061163917183876 0.04799384996294975
0 0.5289958715438843 0.4056224822998047 0.04121856763958931 0.042279720306396484
0 0.14167740941047668 0.8133752346038818 0.04586558789014816 0.05514812469482422
0 0.8036540746688843 0.9420236349105835 0.05347103625535965 0.053023528307676315
0 0.22367937862873077 0.22289392352104187 0.030979057773947716 0.03856696933507919
0 0.043898116797208786 0.21530205011367798 0.04213966429233551 0.04529085010290146
0 0.8422394394874573 0.9326572418212891 0.04118584468960762 0.0605953224003315
0 0.350912481546402 0.1930125206708908 0.02733256109058857 0.047866616398096085
0 0.3560154438018799 0.38111788034439087 0.02789798378944397 0.04111318662762642
0 0.6362104415893555 0.393785297870636 0.02806616947054863 0.04160947725176811
0 0.3223622143268585 0.18176503479480743 0.02892761304974556 0.039142705500125885
0 0.455610990524292 0.6744682192802429 0.04947761073708534 0.05187072604894638
0 0.8553398847579956 0.21827271580696106 0.03885938972234726 0.03749976307153702
0 0.20418797433376312 0.8859749436378479 0.05752873048186302 0.04632530361413956
