0 0.2995162010192871 0.8507139682769775 0.08585715293884277 0.29650670289993286
0 0.8076353073120117 0.711042046546936 0.13348273932933807 0.3615524172782898
0 0.4284974932670593 0.6753085851669312 0.09826517105102539 0.3534296154975891
0 0.6605710983276367 0.500755786895752 0.13152427971363068 0.34983664751052856
0 0.15431874990463257 0.7723974585533142 0.11172186583280563 0.3123010993003845
0 0.9032933115959167 0.37927868962287903 0.11719055473804474 0.35182175040245056
0 0.7622805237770081 0.5356636643409729 0.10801944881677628 0.3165278434753418
0 0.5408554077148438 0.33552584052085876 0.08587570488452911 0.3439524471759796
0 0.05327821895480156 0.344905287027359 0.10655643790960312 0.37070783972740173
0 0.4053817689418793 0.515163779258728 0.11741571128368378 0.4034680724143982
0 0.9454019665718079 0.4382145404815674 0.10828743129968643 0.32628822326660156
0 0.6113399863243103 0.40287747979164124 0.08395233005285263 0.37426087260246277
0 0.3702084422111511 0.2421613484621048 0.08292770385742188 0.2845682203769684
0 0.07807211577892303 0.24805399775505066 0.08341475576162338 0.32475510239601135
0 0.606780469417572 0.10007916390895844 0.13087348639965057 0.19956684112548828
0 0.285295307636261 0.3337118923664093 0.11072281002998352 0.3322058916091919
0 0.7475626468658447 0.141540065407753 0.08374538272619247 0.2812901437282562
0 0.15968476235866547 0.47255995869636536 0.15712480247020721 0.4232374429702759
0 0.9733076095581055 0.8956665992736816 0.05225639417767525 0.20739389955997467
0 0.6882280707359314 0.13766081631183624 0.11095066368579865 0.2753216326236725
0 0.030010780319571495 0.5194200873374939 0.05994171276688576 0.31077706813812256
0 0.23494760692119598 0.3126017153263092 0.06354602426290512 0.3110194206237793
0 0.4770679473876953 0.3755517601966858 0.10723819583654404 0.2948095202445984
0 0.14097456634044647 0.22033655643463135 0.07386316359043121 0.18721185624599457
