0 0.5496810674667358 0.8140353560447693 0.03453979641199112 0.09689348191022873
0 0.4083635210990906 0.8548860549926758 0.03490867465734482 0.1067049652338028
0 0.28267350792884827 0.8275105953216553 0.028188228607177734 0.11366670578718185
0 0.5158284306526184 0.7802603840827942 0.024049758911132812 0.1100274845957756
0 0.7092704176902771 0.5679522752761841 0.02246246300637722 0.09147389978170395
0 0.4952549934387207 0.6494982242584229 0.01837787590920925 0.08153381198644638
0 0.3683825433254242 0.9179534912109375 0.0342344269156456 0.10273030400276184
0 0.6599657535552979 0.7023402452468872 0.027922185137867928 0.11608564853668213
0 0.3859434723854065 0.7130035161972046 0.03443441540002823 0.10220396518707275
0 0.7000150680541992 0.6892840266227722 0.02776489220559597 0.0864265039563179
0 0.7423146367073059 0.5710961818695068 0.035153768956661224 0.09346567839384079
0 0.33213570713996887 0.8021948933601379 0.030280590057373047 0.08948948979377747
0 0.6402186751365662 0.6928487420082092 0.021209334954619408 0.09465128928422928
0 0.3536362946033478 0.7530437111854553 0.025114694610238075 0.09159287065267563
