0 0.9013320803642273 0.9020988345146179 0.02751430869102478 0.10905834287405014
0 0.852296769618988 0.6451005935668945 0.022235531359910965 0.1005687490105629
0 0.6809355020523071 0.6016677021980286 0.024553298950195312 0.12506231665611267
0 0.9339854121208191 0.6325421333312988 0.02526380680501461 0.09918031841516495
0 0.9889741539955139 0.828420102596283 0.02119750902056694 0.11926284432411194
0 0.979475736618042 0.6140298843383789 0.022031402215361595 0.10347932577133179
0 0.8016378879547119 0.5780637264251709 0.02124972827732563 0.09189680963754654
0 0.7615066766738892 0.5915334820747375 0.02058275043964386 0.08872339874505997
0 0.8918513059616089 0.6061574220657349 0.0178544782102108 0.0837235376238823
0 0.5264459252357483 0.3395076096057892 0.023051664233207703 0.08550658822059631
0 0.9123857021331787 0.6725773811340332 0.02338884212076664 0.1003054603934288
