0 0.7536495327949524 0.4867931008338928 0.033138275146484375 0.12269070744514465
0 0.875910758972168 0.5083661079406738 0.036319732666015625 0.11388922482728958
0 0.08770469576120377 0.4645998775959015 0.0597083680331707 0.24972818791866302
0 0.7986564040184021 0.6087155938148499 0.04507649689912796 0.14457982778549194
0 0.5220499634742737 0.6697404980659485 0.07847394794225693 0.15737974643707275
0 0.9086838960647583 0.5895374417304993 0.036211587488651276 0.11181386560201645
0 0.18681840598583221 0.5212438702583313 0.06480078399181366 0.239010751247406
0 0.41703251004219055 0.6183757185935974 0.04065217822790146 0.19729407131671906
0 0.27404406666755676 0.5548310279846191 0.05968289449810982 0.24412523210048676
0 0.7225503325462341 0.6119630336761475 0.04496326297521591 0.13288447260856628
0 0.7616485357284546 0.5873169898986816 0.03916320949792862 0.13033078610897064
0 0.3143220841884613 0.5968326926231384 0.05920387804508209 0.18911781907081604
0 0.5952925086021423 0.449892520904541 0.03287334367632866 0.09194208681583405
