0 0.8051449060440063 0.8181173801422119 0.056810759007930756 0.20734354853630066
0 0.061335403472185135 0.6225258111953735 0.05062747001647949 0.16432291269302368
0 0.6942230463027954 0.9000234007835388 0.05810127407312393 0.19075952470302582
0 0.7501291632652283 0.8931847214698792 0.05225105211138725 0.20480066537857056
0 0.12611770629882812 0.6680413484573364 0.052339594811201096 0.18862278759479523
0 0.04995841905474663 0.9497530460357666 0.06842335313558578 0.09949900209903717
0 0.022872110828757286 0.5950700044631958 0.037720441818237305 0.15922369062900543
0 0.7159227728843689 0.5697956681251526 0.042990684509277344 0.15907007455825806
0 0.5782037377357483 0.7729315757751465 0.057031188160181046 0.18899688124656677
0 0.6258866786956787 0.8675979375839233 0.051101621240377426 0.1688697785139084
0 0.5944692492485046 0.6223036050796509 0.04410705715417862 0.16040509939193726
0 0.8907959461212158 0.9391579627990723 0.05865135043859482 0.12045669555664062
0 0.6444357633590698 0.6193111538887024 0.039971478283405304 0.1557151824235916
