0 0.8072152137756348 0.5242475271224976 0.022547489032149315 0.0965423583984375
0 0.7157132625579834 0.725411593914032 0.028018569573760033 0.15502771735191345
0 0.9484090805053711 0.833099365234375 0.02432539127767086 0.10379360616207123
0 0.7472465634346008 0.6550272703170776 0.02097608707845211 0.09467700868844986
0 0.8917593955993652 0.7229820489883423 0.02356753870844841 0.10034497082233429
0 0.8688586950302124 0.5265784859657288 0.021933745592832565 0.10287199914455414
0 0.9286960363388062 0.7094519734382629 0.02464752271771431 0.1022934839129448
0 0.6863784193992615 0.37488043308258057 0.024180009961128235 0.08277526497840881
0 0.8088153600692749 0.27787113189697266 0.020051321014761925 0.08421537280082703
0 0.7796866297721863 0.7010594606399536 0.02222001738846302 0.10402128100395203
