0 0.5105459690093994 0.7603967189788818 0.14123722910881042 0.3785909116268158
0 0.6681169867515564 0.43792012333869934 0.12599168717861176 0.34065043926239014
0 0.6837854385375977 0.9268465042114258 0.13165894150733948 0.14536260068416595
0 0.8302872776985168 0.8216259479522705 0.15050245821475983 0.3563835024833679
0 0.437297523021698 0.43043866753578186 0.10524310916662216 0.3721841275691986
0 0.33807373046875 0.44084227085113525 0.08673401176929474 0.3596968650817871
0 0.8109474778175354 0.3498811721801758 0.10738029330968857 0.37149086594581604
0 0.13860847055912018 0.5420517325401306 0.11834478378295898 0.36346766352653503
0 0.9569961428642273 0.9344246983528137 0.08506393432617188 0.12976710498332977
0 0.25715452432632446 0.39375805854797363 0.09757699817419052 0.32777681946754456
0 0.9222615361213684 0.2569168508052826 0.09286709129810333 0.3128562867641449
0 0.2098330557346344 0.49479174613952637 0.11743788421154022 0.305172860622406
0 0.04144385829567909 0.4735276997089386 0.08267601579427719 0.3371809720993042
0 0.8579720854759216 0.5906309485435486 0.15800367295742035 0.37027570605278015
0 0.48552942276000977 0.37732794880867004 0.07784728705883026 0.32228654623031616
0 0.4310663938522339 0.9541031122207642 0.11633138358592987 0.09027684479951859
0 0.6602457761764526 0.07180163264274597 0.07320308685302734 0.14360326528549194
0 0.9709281921386719 0.5483824014663696 0.05778045579791069 0.3923436105251312
0 0.06383421272039413 0.0907151848077774 0.06628246605396271 0.1814303696155548
0 0.7779391407966614 0.06561099737882614 0.0779569000005722 0.13122199475765228
0 0.8914125561714172 0.592978835105896 0.08962669223546982 0.3714309632778168
0 0.31370213627815247 0.1357196867465973 0.09639215469360352 0.26590439677238464
0 0.7331644892692566 0.10468079149723053 0.0607542023062706 0.2089972347021103
0 0.12911036610603333 0.29968515038490295 0.07179071754217148 0.21088945865631104
0 0.5357699990272522 0.32368412613868713 0.10216624289751053 0.2924158275127411
0 0.841715395450592 0.041822221130132675 0.04307575151324272 0.08323578536510468
0 0.1810375601053238 0.13323959708213806 0.051639873534440994 0.2303861379623413
0 0.05913280323147774 0.33112967014312744 0.07215054333209991 0.2602047324180603
0 0.29784923791885376 0.2651078999042511 0.05075359344482422 0.11440054327249527
0 0.9440878033638 0.026822129264473915 0.10695342719554901 0.05364425852894783
0 0.029028408229351044 0.899401843547821 0.05794429033994675 0.20029525458812714
