0 0.979303240776062 0.552361786365509 0.04081249237060547 0.11234626919031143
0 0.22643475234508514 0.18427643179893494 0.028271198272705078 0.13955286145210266
0 0.817609429359436 0.5587760806083679 0.040616799145936966 0.11920445412397385
0 0.14221884310245514 0.48570653796195984 0.057060789316892624 0.2518644630908966
0 0.6238576173782349 0.6449090242385864 0.039280638098716736 0.12975235283374786
0 0.9602278470993042 0.8486336469650269 0.0691869705915451 0.17829233407974243
0 0.15307305753231049 0.14256317913532257 0.03955569118261337 0.1453520506620407
0 0.8735769987106323 0.4780424237251282 0.03224754333496094 0.10438855737447739
0 0.23164059221744537 0.5329100489616394 0.07086066901683807 0.23823009431362152
0 0.3550209105014801 0.2824283540248871 0.036092281341552734 0.12322857975959778
0 0.29100722074508667 0.5301706790924072 0.04426174238324165 0.10230009257793427
0 0.3764267563819885 0.606354296207428 0.07660818099975586 0.1926422119140625
0 0.4766925275325775 0.6491016149520874 0.07572279125452042 0.17289474606513977
0 0.9136877059936523 0.48898613452911377 0.025762176141142845 0.09956537932157516
0 0.848797082901001 0.5020582675933838 0.03154812008142471 0.11321716010570526
