0 0.9001182317733765 0.5348445177078247 0.03801612928509712 0.10854580998420715
0 0.46810397505760193 0.6485593914985657 0.04453849792480469 0.14718776941299438
0 0.39289408922195435 0.632735013961792 0.047152139246463776 0.16819064319133759
0 0.23587258160114288 0.1877492219209671 0.02996516227722168 0.13769125938415527
0 0.8002979159355164 0.40368685126304626 0.03006896935403347 0.08799222111701965
0 0.039843033999204636 0.4139181673526764 0.07968606799840927 0.19153961539268494
0 0.8430511355400085 0.5366920232772827 0.03319740295410156 0.11279372870922089
0 0.3071618378162384 0.23692621290683746 0.030261198058724403 0.14446377754211426
0 0.7521096467971802 0.5882335901260376 0.04287853091955185 0.12787704169750214
0 0.522061824798584 0.39623934030532837 0.02666912041604519 0.1065041646361351
0 0.596251368522644 0.4437497556209564 0.029076766222715378 0.09524430334568024
0 0.09665263444185257 0.4481126666069031 0.05960625782608986 0.11675859987735748
0 0.31428757309913635 0.5271720290184021 0.0667751282453537 0.12340418249368668
0 0.40957674384117126 0.3173295855522156 0.03419933468103409 0.11696961522102356
0 0.5064482092857361 0.2589220702648163 0.021016979590058327 0.06588630378246307
0 0.09974660724401474 0.4249162971973419 0.055235765874385834 0.1650741547346115
0 0.45773443579673767 0.2182932049036026 0.027318287640810013 0.07520058751106262
0 0.8901783227920532 0.3333494961261749 0.017496872693300247 0.05551844835281372
