0 0.6602480411529541 0.5727153420448303 0.031796645373106 0.1460271179676056
0 0.2039719521999359 0.9098271727561951 0.061087511479854584 0.18034566938877106
0 0.05530742183327675 0.8733994960784912 0.055032242089509964 0.2052435427904129
0 0.6085844039916992 0.5539208054542542 0.03238105773925781 0.16426391899585724
0 0.28872355818748474 0.6946585774421692 0.050043899565935135 0.22190652787685394
0 0.5001229643821716 0.6659460663795471 0.029668807983398438 0.17108109593391418
0 0.7396804094314575 0.5724071264266968 0.03895873948931694 0.14159223437309265
0 0.2366642951965332 0.704768717288971 0.038232944905757904 0.20875413715839386
0 0.3541354537010193 0.7018263339996338 0.049430813640356064 0.2250310331583023
0 0.0733533427119255 0.94782954454422 0.0712885856628418 0.10294324904680252
0 0.7776867151260376 0.5683788061141968 0.025652503594756126 0.14349517226219177
