0 0.2985006868839264 0.8165293335914612 0.030805110931396484 0.10924063622951508
0 0.3763312101364136 0.87554931640625 0.024895381182432175 0.11230316013097763
0 0.513521134853363 0.7877472043037415 0.02308330498635769 0.09952341765165329
0 0.40380504727363586 0.8572775721549988 0.03449506685137749 0.10944747924804688
0 0.7003751397132874 0.6898324489593506 0.027409298345446587 0.08730163425207138
0 0.5613588690757751 0.8133602738380432 0.0310033168643713 0.10208511352539062
0 0.7047251462936401 0.5734490156173706 0.02671489678323269 0.0877675786614418
0 0.02455800026655197 0.5284057855606079 0.027839582413434982 0.07839427888393402
0 0.3544159531593323 0.7535518407821655 0.02561483345925808 0.09224188327789307
0 0.6579617857933044 0.698691189289093 0.02259807661175728 0.10402654111385345
0 0.3324795067310333 0.8126983642578125 0.023286819458007812 0.08026334643363953
0 0.5517057776451111 0.7718561887741089 0.025962892919778824 0.07936452329158783
0 0.33257848024368286 0.8020989298820496 0.028629716485738754 0.10182368010282516
0 0.6415854096412659 0.6892013549804688 0.019707297906279564 0.08944842219352722
0 0.5555180907249451 0.7980700135231018 0.032559774816036224 0.1314956694841385
