0 0.80047208070755 0.8427294492721558 0.21886272728443146 0.3141637146472931
0 0.054981958121061325 0.8354592323303223 0.09189240634441376 0.329081654548645
0 0.24185815453529358 0.8249784708023071 0.10327138006687164 0.3364701569080353
0 0.6553626656532288 0.8076488971710205 0.09595508873462677 0.37916433811187744
0 0.5661104321479797 0.8241785764694214 0.08114834129810333 0.3474891185760498
0 0.1629619300365448 0.8197557330131531 0.09522726386785507 0.3552628755569458
0 0.020887084305286407 0.8563619256019592 0.041774168610572815 0.28543293476104736
0 0.9226199388504028 0.845494270324707 0.15476016700267792 0.3054124712944031
0 0.5119412541389465 0.8397947549819946 0.08597545325756073 0.3192392885684967
0 0.342327743768692 0.8330841064453125 0.11686201393604279 0.32727813720703125
0 0.21788735687732697 0.6752866506576538 0.05355710908770561 0.1768207997083664
0 0.9714655876159668 0.7684842348098755 0.056104086339473724 0.2416749745607376
0 0.8682610392570496 0.6555224061012268 0.08217830955982208 0.15434113144874573
0 0.36616769433021545 0.6274369955062866 0.04803771898150444 0.11963839828968048
