0 0.4080590307712555 0.8560933470726013 0.034330178052186966 0.10753834992647171
0 0.5505677461624146 0.8115851283073425 0.0326104499399662 0.10511881858110428
0 0.5164386034011841 0.7786949872970581 0.025656510144472122 0.11178360134363174
0 0.7082164883613586 0.5711405277252197 0.02262948267161846 0.08559773862361908
0 0.4946724772453308 0.6497673392295837 0.018778419122099876 0.08037872612476349
0 0.7470146417617798 0.570316731929779 0.03018817864358425 0.09872932732105255
0 0.2854967415332794 0.8207385540008545 0.03039722517132759 0.11158854514360428
0 0.7000924944877625 0.6913267970085144 0.028002167120575905 0.08964462578296661
0 0.35358327627182007 0.7534689903259277 0.025275517255067825 0.09222522377967834
0 0.6589962244033813 0.6968647241592407 0.02460498735308647 0.10590235143899918
0 0.36931565403938293 0.9172539710998535 0.025585651397705078 0.1020815521478653
0 0.330245703458786 0.8020879030227661 0.0323900543153286 0.09587758034467697
0 0.6412960290908813 0.6888048648834229 0.019387435168027878 0.0878910943865776
0 0.7091286778450012 0.5434474349021912 0.02574176713824272 0.14559686183929443
0 0.38216596841812134 0.7136324644088745 0.029057184234261513 0.10116954147815704
0 0.6775190830230713 0.701876163482666 0.022470155730843544 0.09477229416370392
