0 0.6088109612464905 0.6659979820251465 0.16189327836036682 0.38457998633384705
0 0.8225718140602112 0.8234902024269104 0.14389362931251526 0.3524707853794098
0 0.8678086996078491 0.5014642477035522 0.12353935092687607 0.3161078095436096
0 0.07547157257795334 0.8201645016670227 0.1367722898721695 0.35844674706459045
0 0.4985588490962982 0.5316539406776428 0.10973300784826279 0.38670089840888977
0 0.6978732943534851 0.5941057801246643 0.09615077823400497 0.3245559334754944
0 0.382124125957489 0.49164342880249023 0.1023695319890976 0.34347018599510193
0 0.23583967983722687 0.8183784484863281 0.12525156140327454 0.355150043964386
0 0.7409864068031311 0.7514021992683411 0.09873084723949432 0.36115533113479614
0 0.6567114591598511 0.3450721800327301 0.08939628303050995 0.33910709619522095
0 0.08316018432378769 0.20417091250419617 0.08130855858325958 0.31517621874809265
0 0.576513409614563 0.3889372646808624 0.12665420770645142 0.36178943514823914
0 0.30623504519462585 0.7450233697891235 0.10126371681690216 0.36003774404525757
0 0.22119398415088654 0.6086002588272095 0.10057180374860764 0.2121075987815857
0 0.17334340512752533 0.05550298094749451 0.04959588125348091 0.11100596189498901
0 0.41090819239616394 0.847339391708374 0.11328986287117004 0.29829466342926025
0 0.9515737295150757 0.443803071975708 0.09584083408117294 0.3761843740940094
0 0.17103521525859833 0.6065516471862793 0.07391099631786346 0.25109872221946716
0 0.964611828327179 0.13335344195365906 0.06987114250659943 0.2114892303943634
0 0.07403816282749176 0.5798425674438477 0.09597093611955643 0.2594170868396759
0 0.8062615990638733 0.34830978512763977 0.11265430599451065 0.2917409837245941
0 0.2421155869960785 0.918079137802124 0.10228050500154495 0.16317062079906464
0 0.7356286644935608 0.2081330120563507 0.07315387576818466 0.318198561668396
0 0.1814279556274414 0.4479129910469055 0.0729203075170517 0.19382385909557343
0 0.13977466523647308 0.42650875449180603 0.056170955300331116 0.25257089734077454
0 0.3515218198299408 0.15474414825439453 0.12840214371681213 0.30620160698890686
0 0.41842859983444214 0.33104151487350464 0.0972922295331955 0.2937653958797455
0 0.2380848228931427 0.4009925127029419 0.09649327397346497 0.33190304040908813
0 0.4753255844116211 0.14291957020759583 0.07443370670080185 0.2853424847126007
