0 0.6648170948028564 0.9574323892593384 0.06058061495423317 0.06003684923052788
0 0.5282426476478577 0.40207740664482117 0.03405778855085373 0.03767251968383789
0 0.04265451431274414 0.8428966403007507 0.08472000062465668 0.07537899166345596
0 0.8203074336051941 0.8674825429916382 0.0799458846449852 0.06463279575109482
0 0.3453889489173889 0.3789529800415039 0.02814839594066143 0.04297475889325142
0 0.5852729678153992 0.8982028961181641 0.0512491874396801 0.0512884147465229
0 0.3200668692588806 0.7829518914222717 0.05202145129442215 0.06738452613353729
0 0.8577004671096802 0.9411266446113586 0.04809807613492012 0.053253173828125
0 0.7894347310066223 0.9277774691581726 0.0653720423579216 0.056537628173828125
0 0.23168626427650452 0.2351457178592682 0.04057011008262634 0.04579582065343857
0 0.6320899724960327 0.39148464798927307 0.02992757223546505 0.040607865899801254
0 0.9188373684883118 0.2626829147338867 0.03588324785232544 0.05284202843904495
