0 0.8014448285102844 0.8958365321159363 0.06896934658288956 0.20723597705364227
0 0.20493611693382263 0.9333624839782715 0.06630689650774002 0.13193266093730927
0 0.035781748592853546 0.9397186040878296 0.07100842893123627 0.1200101226568222
0 0.22219976782798767 0.5193544030189514 0.04013357311487198 0.15402095019817352
0 0.18553094565868378 0.5377063751220703 0.03871774673461914 0.1565294861793518
0 0.35813674330711365 0.5036154985427856 0.03761882707476616 0.14045320451259613
0 0.5837318897247314 0.719916045665741 0.045949045568704605 0.17736510932445526
0 0.7144312262535095 0.4936264753341675 0.031084250658750534 0.1030309870839119
0 0.10898737609386444 0.6994154453277588 0.0522119514644146 0.16844108700752258
0 0.6457619071006775 0.7267646193504333 0.047262828797101974 0.18823009729385376
0 0.27172553539276123 0.923535943031311 0.05031628534197807 0.1326197236776352
0 0.7804285883903503 0.6682716608047485 0.04341850429773331 0.1634625792503357
0 0.3065120577812195 0.6290239691734314 0.05432341992855072 0.17786568403244019
0 0.7503875494003296 0.9729881882667542 0.07010765373706818 0.05322214588522911
0 0.06373344361782074 0.5469939112663269 0.06033303961157799 0.1452278196811676
0 0.702848494052887 0.6026621460914612 0.033343758434057236 0.14246979355812073
0 0.052632831037044525 0.677502453327179 0.05739443004131317 0.17306895554065704
0 0.7501936554908752 0.584720253944397 0.02947979047894478 0.10775095969438553
0 0.017027776688337326 0.5852339863777161 0.03405555337667465 0.14854024350643158
