0 0.10159660875797272 0.6431190371513367 0.04684760421514511 0.15732523798942566
0 0.8040459752082825 0.7956346273422241 0.051875367760658264 0.1605592519044876
0 0.8653892278671265 0.7903081178665161 0.03792610019445419 0.16746732592582703
0 0.019795063883066177 0.5939124822616577 0.039136290550231934 0.16291122138500214
0 0.4417588412761688 0.5273816585540771 0.03732938691973686 0.14428214728832245
0 0.07602329552173615 0.8714091181755066 0.06791649013757706 0.22508876025676727
0 0.7588331699371338 0.7553580403327942 0.05424327775835991 0.19337637722492218
0 0.05741208419203758 0.5785076022148132 0.03776120766997337 0.1362299621105194
0 0.575714111328125 0.6135552525520325 0.04509124904870987 0.16520842909812927
0 0.7027021050453186 0.4333176016807556 0.026717567816376686 0.11150003969669342
0 0.12854507565498352 0.8323036432266235 0.04938759654760361 0.14762522280216217
0 0.5091147422790527 0.49960777163505554 0.04599304124712944 0.1583821177482605
0 0.30527082085609436 0.561722457408905 0.034810733050107956 0.14325815439224243
