0 0.20248141884803772 0.8641237020492554 0.16201098263263702 0.27079087495803833
0 0.7617920637130737 0.8196113705635071 0.13487930595874786 0.3595474362373352
0 0.890904426574707 0.6291394829750061 0.12091026455163956 0.39587652683258057
0 0.06406976282596588 0.7812650799751282 0.12813952565193176 0.4234562814235687
0 0.5008337497711182 0.6123855710029602 0.10290399938821793 0.3992220163345337
0 0.9400842785835266 0.21780702471733093 0.088842011988163 0.363971084356308
0 0.0968635082244873 0.39967358112335205 0.11591526865959167 0.31070682406425476
0 0.7751028537750244 0.4026412069797516 0.12041174620389938 0.3429771065711975
0 0.23555313050746918 0.5951262712478638 0.09629268944263458 0.33916473388671875
0 0.5979927182197571 0.5621717572212219 0.08194103091955185 0.35253646969795227
0 0.6738395690917969 0.6230059862136841 0.09953097999095917 0.36628836393356323
0 0.36392107605934143 0.7435562014579773 0.17017650604248047 0.36721548438072205
0 0.04955800995230675 0.25393688678741455 0.06673706322908401 0.27961108088493347
0 0.7245479822158813 0.11520358175039291 0.0950244888663292 0.23040716350078583
0 0.27456679940223694 0.1215987280011177 0.0806465595960617 0.2417646199464798
0 0.6590952277183533 0.15398311614990234 0.06434249877929688 0.30470243096351624
0 0.8291139006614685 0.32819002866744995 0.060358237475156784 0.33528438210487366
0 0.42760831117630005 0.515870213508606 0.09050486981868744 0.4116993248462677
0 0.6047657132148743 0.30906563997268677 0.0679473876953125 0.26846837997436523
0 0.847992479801178 0.15972408652305603 0.09035968780517578 0.2883623242378235
0 0.23645251989364624 0.4334396421909332 0.10437944531440735 0.22268982231616974
0 0.3315351605415344 0.36622899770736694 0.09055300056934357 0.26958924531936646
