0 0.2385534942150116 0.9244139194488525 0.05045604705810547 0.1502436250448227
0 0.18084809184074402 0.6150117516517639 0.04506383091211319 0.1520409882068634
0 0.7557801008224487 0.7162995934486389 0.05107129365205765 0.17952804267406464
0 0.02774585410952568 0.5929846167564392 0.037242498248815536 0.15244700014591217
0 0.8184102177619934 0.8389872908592224 0.062067605555057526 0.20543822646141052
0 0.7036895751953125 0.8098685145378113 0.05085105821490288 0.1880943328142166
0 0.20363369584083557 0.5237119197845459 0.037652112543582916 0.1386171579360962
0 0.6503015160560608 0.8177459836006165 0.06336008757352829 0.21132634580135345
0 0.6752194166183472 0.5482824444770813 0.03913383558392525 0.12897886335849762
0 0.1353798806667328 0.501433253288269 0.0362447164952755 0.14013154804706573
0 0.23570671677589417 0.5129980444908142 0.03727235645055771 0.13671734929084778
0 0.7538524866104126 0.5849105715751648 0.042605653405189514 0.11860606074333191
0 0.6249948740005493 0.39462167024612427 0.025084685534238815 0.11593969166278839
