0 0.41222038865089417 0.8668544292449951 0.12842674553394318 0.265838623046875
0 0.5838205218315125 0.8875659704208374 0.1464582085609436 0.22363662719726562
0 0.6654022336006165 0.8422202467918396 0.12481307983398438 0.3155595064163208
0 0.7938622832298279 0.8223922848701477 0.09930286556482315 0.35485199093818665
0 0.07176364213228226 0.8414252400398254 0.14315496385097504 0.3167141079902649
0 0.899622917175293 0.4887818694114685 0.13872718811035156 0.3614039123058319
0 0.28245607018470764 0.48541781306266785 0.12907953560352325 0.3047734498977661
0 0.1623416692018509 0.5311987996101379 0.09011833369731903 0.37755364179611206
0 0.8501136898994446 0.936091423034668 0.1426355391740799 0.12640558183193207
0 0.7596421837806702 0.144876629114151 0.07605800777673721 0.2894374430179596
0 0.48460420966148376 0.4463936388492584 0.08723612129688263 0.3461267352104187
0 0.9395254850387573 0.8672885298728943 0.11931343376636505 0.26394933462142944
0 0.6557398438453674 0.667664110660553 0.1187061294913292 0.291955828666687
0 0.8270408511161804 0.4363114535808563 0.0924888625741005 0.38728511333465576
0 0.4195617735385895 0.37479713559150696 0.07500060647726059 0.3488173484802246
0 0.5911325812339783 0.09853995591402054 0.056492868810892105 0.19707991182804108
0 0.354820191860199 0.40826523303985596 0.07998044043779373 0.38470831513404846
0 0.08490872383117676 0.417057067155838 0.0935855358839035 0.3317311704158783
0 0.08903434872627258 0.5966811180114746 0.17806869745254517 0.44217950105667114
0 0.8788862228393555 0.03761729598045349 0.07437248528003693 0.0744689404964447
0 0.7633527517318726 0.38645416498184204 0.07368278503417969 0.32511642575263977
0 0.1947236955165863 0.4166943430900574 0.09067066758871078 0.3297901451587677
0 0.9607824087142944 0.21405793726444244 0.07795409858226776 0.21015913784503937
0 0.292617529630661 0.3904362916946411 0.10651605576276779 0.34499770402908325
0 0.5470415353775024 0.059757813811302185 0.05128571018576622 0.11932475119829178
0 0.6731259822845459 0.04691759869456291 0.0354650504887104 0.0930677205324173
0 0.10223784297704697 0.1892533153295517 0.08336067199707031 0.30597633123397827
