0 0.3827827572822571 0.8536694049835205 0.030683040618896484 0.10314305871725082
0 0.2989301085472107 0.7961103916168213 0.028652001172304153 0.09779230505228043
0 0.34183984994888306 0.8644784092903137 0.034575365483760834 0.11328184604644775
0 0.41284292936325073 0.8446508049964905 0.028023242950439453 0.0970897227525711
0 0.7026859521865845 0.6785866618156433 0.02145201340317726 0.08922267705202103
0 0.7045289278030396 0.5754486918449402 0.029102515429258347 0.08542179316282272
0 0.4986695349216461 0.8160621523857117 0.03084545210003853 0.11922149360179901
0 0.657470703125 0.6988247632980347 0.02258993871510029 0.10590362548828125
0 0.573455274105072 0.866460919380188 0.04010410234332085 0.12204081565141678
0 0.49322253465652466 0.6492266058921814 0.018193816766142845 0.08009567111730576
0 0.4776070713996887 0.8231087327003479 0.026300812140107155 0.08458277583122253
