0 0.4930124580860138 0.6157746315002441 0.13383349776268005 0.3463568389415741
0 0.622907280921936 0.5663937926292419 0.1227228194475174 0.3845626413822174
0 0.9482332468032837 0.7548623085021973 0.10318832099437714 0.3725529611110687
0 0.1781342476606369 0.2313668131828308 0.07167716324329376 0.2886630594730377
0 0.7038394808769226 0.7021353244781494 0.08750350028276443 0.3702540099620819
0 0.18397477269172668 0.9366958737373352 0.1556965410709381 0.12565867602825165
0 0.8111194372177124 0.6006206274032593 0.12831275165081024 0.37644636631011963
0 0.03478709235787392 0.28913185000419617 0.06957418471574783 0.315250039100647
0 0.21214599907398224 0.48441508412361145 0.08065328747034073 0.3609577715396881
0 0.30958589911460876 0.7177587151527405 0.11800997704267502 0.34275081753730774
0 0.41167405247688293 0.48842892050743103 0.10348491370677948 0.35967472195625305
0 0.03779478371143341 0.8318824172019958 0.07533416152000427 0.3340710997581482
0 0.056692346930503845 0.030264902859926224 0.10175762325525284 0.06052980571985245
0 0.19328036904335022 0.8365534543991089 0.1730559915304184 0.3210947811603546
0 0.9390796422958374 0.24017900228500366 0.115239717066288 0.3152497708797455
0 0.28328603506088257 0.3123385012149811 0.06554620712995529 0.24433110654354095
0 0.4019830822944641 0.22061005234718323 0.07448387145996094 0.2745075523853302
