0 0.3368209898471832 0.8522634506225586 0.03211088106036186 0.11199188232421875
0 0.37183672189712524 0.8570466637611389 0.028971005231142044 0.10482355952262878
0 0.2886814773082733 0.8350920081138611 0.036312200129032135 0.10698699951171875
0 0.49525463581085205 0.8132085204124451 0.02791290357708931 0.12217051535844803
0 0.40998485684394836 0.8457862138748169 0.027547169476747513 0.10804977267980576
0 0.5668764710426331 0.8172768354415894 0.029212379828095436 0.10712254792451859
0 0.5141621828079224 0.6535115838050842 0.0239105224609375 0.08421249687671661
0 0.5511571764945984 0.8086415529251099 0.041542213410139084 0.1325720101594925
0 0.4656425416469574 0.8070895671844482 0.025795936584472656 0.085047148168087
0 0.38115355372428894 0.7065058946609497 0.028847981244325638 0.10967076569795609
0 0.7438184022903442 0.6323153376579285 0.024941062554717064 0.06982752680778503
