0 0.37483733892440796 0.8550747632980347 0.03287658840417862 0.12064895778894424
0 0.49388593435287476 0.8140636682510376 0.031266309320926666 0.12162221223115921
0 0.3431898355484009 0.8478688597679138 0.030670929700136185 0.10522130131721497
0 0.5640035271644592 0.8127071857452393 0.032330892980098724 0.12190670520067215
0 0.46674901247024536 0.8094511032104492 0.026749229058623314 0.08502069860696793
0 0.5578557252883911 0.8064529299736023 0.04403044283390045 0.13622842729091644
0 0.41258183121681213 0.8477084040641785 0.03255300596356392 0.11085967719554901
0 0.4672192931175232 0.6974108219146729 0.03054952621459961 0.10589112341403961
0 0.5056782960891724 0.7173692584037781 0.021537398919463158 0.0850001871585846
0 0.705084502696991 0.6716166138648987 0.025746535509824753 0.10642670840024948
0 0.7043806910514832 0.5681578516960144 0.03084786795079708 0.10120964050292969
