0 0.17741508781909943 0.15687233209609985 0.04607732966542244 0.14183762669563293
0 0.32238876819610596 0.24882397055625916 0.03392286226153374 0.13934612274169922
0 0.19770807027816772 0.5077735781669617 0.05844511836767197 0.25019583106040955
0 0.10607333481311798 0.4257983863353729 0.03505139425396919 0.14599570631980896
0 0.8688972592353821 0.5576283931732178 0.04127044603228569 0.11616058647632599
0 0.9233461618423462 0.6614665389060974 0.04583130031824112 0.13309182226657867
0 0.46976345777511597 0.6168200373649597 0.048165131360292435 0.08529459685087204
0 0.5598686337471008 0.6424552798271179 0.03524971008300781 0.12232208251953125
0 0.2990180552005768 0.5267153978347778 0.03890107572078705 0.10897992551326752
0 0.9152076840400696 0.5282376408576965 0.03928680345416069 0.10462722927331924
0 0.023030074313282967 0.38108304142951965 0.04604430869221687 0.1317799836397171
0 0.33568987250328064 0.5512681603431702 0.04670457914471626 0.0974627211689949
