0 0.7301115393638611 0.4816944897174835 0.14122892916202545 0.34656020998954773
0 0.11727247387170792 0.8428744077682495 0.16420641541481018 0.313671737909317
0 0.867965579032898 0.17203356325626373 0.10384216159582138 0.34001147747039795
0 0.40430593490600586 0.5365027785301208 0.12298832088708878 0.37569665908813477
0 0.19850949943065643 0.5435405373573303 0.09986326098442078 0.4073687791824341
0 0.9124673008918762 0.4631439745426178 0.12089252471923828 0.3734782040119171
0 0.6031085848808289 0.48134198784828186 0.11762885749340057 0.3852066397666931
0 0.3045756220817566 0.46486520767211914 0.09769649803638458 0.34830302000045776
0 0.43748196959495544 0.3286004066467285 0.08969783782958984 0.3514896333217621
0 0.26223915815353394 0.345212459564209 0.09910572320222855 0.323623389005661
0 0.02993229776620865 0.6432780027389526 0.05976291000843048 0.3063664734363556
0 0.49587154388427734 0.1326959729194641 0.05910510942339897 0.26434749364852905
0 0.6785231232643127 0.385550856590271 0.08434753119945526 0.30646559596061707
0 0.9674702882766724 0.18615306913852692 0.06466197967529297 0.25467994809150696
0 0.17470264434814453 0.10924879461526871 0.11710676550865173 0.2183535248041153
0 0.11144376546144485 0.4591856300830841 0.11274005472660065 0.3007287383079529
0 0.7238743305206299 0.2138817012310028 0.06044654920697212 0.3532312512397766
0 0.9798458814620972 0.4192907214164734 0.03976326063275337 0.3373425602912903
0 0.11856333166360855 0.2380804419517517 0.0904778465628624 0.2888411283493042
0 0.390432745218277 0.16422170400619507 0.07119712978601456 0.23701491951942444
0 0.3400488495826721 0.2901531159877777 0.08317689597606659 0.2511078715324402
0 0.6336098909378052 0.12413725256919861 0.08202768862247467 0.20343202352523804
