0 0.408814936876297 0.8552583456039429 0.03469066694378853 0.10726699978113174
0 0.29517728090286255 0.8186739683151245 0.034991104155778885 0.10668131709098816
0 0.3668106198310852 0.9060209393501282 0.028668593615293503 0.11451441794633865
0 0.7032802700996399 0.5734472274780273 0.026212692260742188 0.08265889436006546
0 0.750575840473175 0.5731756687164307 0.03408164903521538 0.10278727114200592
0 0.5128763914108276 0.7844234108924866 0.020984649658203125 0.09366065263748169
0 0.33168983459472656 0.806265115737915 0.029950428754091263 0.09440256655216217
0 0.4941914975643158 0.6493610143661499 0.01949310302734375 0.0804799422621727
0 0.7001311182975769 0.6915081739425659 0.027790196239948273 0.08985035866498947
0 0.37867432832717896 0.714299201965332 0.02292480506002903 0.09895193576812744
0 0.6585229635238647 0.6987990736961365 0.02402038499712944 0.10528217256069183
0 0.3541730046272278 0.753822386264801 0.0250244140625 0.09323115646839142
