0 0.3897045850753784 0.8224015831947327 0.1678973138332367 0.35321128368377686
0 0.9171053171157837 0.810053825378418 0.16467437148094177 0.3784523904323578
0 0.8670295476913452 0.4500177502632141 0.1364152878522873 0.36128726601600647
0 0.2367696315050125 0.7392570376396179 0.14880438148975372 0.3977963328361511
0 0.6721150279045105 0.6911302208900452 0.12065277248620987 0.3551567792892456
0 0.5477051138877869 0.8541449904441833 0.08915974199771881 0.2904330790042877
0 0.42680007219314575 0.5112659931182861 0.07941360771656036 0.34286248683929443
0 0.4800678491592407 0.6957107782363892 0.08534316718578339 0.39576882123947144
0 0.6678062677383423 0.2645872235298157 0.07118981331586838 0.3086596727371216
0 0.3829818367958069 0.2047448456287384 0.09411074221134186 0.3257949948310852
0 0.06770475208759308 0.9203101396560669 0.13120633363723755 0.15848058462142944
0 0.742557942867279 0.24845044314861298 0.08563689887523651 0.3138141632080078
0 0.1374511420726776 0.20438669621944427 0.07704482227563858 0.31282544136047363
0 0.6109799742698669 0.608615517616272 0.0903966873884201 0.31105881929397583
0 0.16851408779621124 0.7642362713813782 0.11573205143213272 0.33812659978866577
0 0.31378525495529175 0.4016706645488739 0.1026354655623436 0.3464949429035187
0 0.6274041533470154 0.3705528676509857 0.06889667361974716 0.2217213362455368
0 0.9510629773139954 0.22156871855258942 0.08370552211999893 0.2984338402748108
0 0.02319660782814026 0.6994341611862183 0.04639321565628052 0.3797648251056671
0 0.009417249821126461 0.21296808123588562 0.018797142431139946 0.2822679877281189
