0 0.12504111230373383 0.872101366519928 0.049994684755802155 0.24049106240272522
0 0.1956774741411209 0.8299453258514404 0.06353063881397247 0.20564626157283783
0 0.09941423684358597 0.6445763111114502 0.04854101315140724 0.21058733761310577
0 0.5241084098815918 0.5720582008361816 0.032499123364686966 0.17446063458919525
0 0.4984935224056244 0.5557387471199036 0.03205709531903267 0.17907825112342834
0 0.2841832935810089 0.5772286057472229 0.03812817111611366 0.19354213774204254
0 0.15395750105381012 0.71033775806427 0.06606382876634598 0.25742849707603455
0 0.5812572836875916 0.5623345375061035 0.041217803955078125 0.19495543837547302
0 0.4555221498012543 0.5632376074790955 0.03794918209314346 0.16913960874080658
0 0.5476980805397034 0.5958298444747925 0.032010458409786224 0.16634324193000793
0 0.422738641500473 0.5770995616912842 0.03299684450030327 0.1817418932914734
0 0.3529682457447052 0.7000246047973633 0.04220752790570259 0.16377292573451996
0 0.07358022034168243 0.8998207449913025 0.05890379473567009 0.19973884522914886
