0 0.2810378968715668 0.9052371382713318 0.13497398793697357 0.18830184638500214
0 0.702401876449585 0.7928465008735657 0.1698072999715805 0.38409215211868286
0 0.15650828182697296 0.8483607172966003 0.14051242172718048 0.3019258677959442
0 0.9212525486946106 0.689678430557251 0.11200809478759766 0.3744707405567169
0 0.4160958230495453 0.7422580122947693 0.10130882263183594 0.3274657726287842
0 0.8446023464202881 0.8558019995689392 0.11167074739933014 0.2871149778366089
0 0.33708125352859497 0.5132490992546082 0.09118594974279404 0.36089858412742615
0 0.7412483096122742 0.5386626124382019 0.10847975313663483 0.2873190641403198
0 0.22658544778823853 0.7057503461837769 0.11325429379940033 0.31996142864227295
0 0.5333053469657898 0.6882803440093994 0.11872078478336334 0.34112390875816345
0 0.044654496014118195 0.6837389469146729 0.08930899202823639 0.3508196473121643
0 0.1439794898033142 0.5816373825073242 0.09454827010631561 0.2968512177467346
0 0.29329442977905273 0.19794820249080658 0.08211982995271683 0.3086532652378082
0 0.19114145636558533 0.03639368340373039 0.10482092201709747 0.07200503349304199
0 0.25246545672416687 0.5043294429779053 0.08650892227888107 0.3398289680480957
0 0.0827772319316864 0.1582903265953064 0.07993122935295105 0.25121772289276123
0 0.4532681703567505 0.37380388379096985 0.06797198951244354 0.33546334505081177
0 0.028803866356611252 0.32988497614860535 0.057607732713222504 0.3139753043651581
0 0.8766090273857117 0.40650448203086853 0.09224510192871094 0.3405361771583557
0 0.4847904145717621 0.14089851081371307 0.07081107795238495 0.27628594636917114
0 0.402311235666275 0.42266160249710083 0.0844825729727745 0.3078731298446655
0 0.8016635775566101 0.5150654315948486 0.09449195861816406 0.3233241140842438
0 0.6398645639419556 0.2963291108608246 0.06934890896081924 0.3193257749080658
0 0.7766305804252625 0.29192352294921875 0.09789733588695526 0.1976044774055481
0 0.5452631711959839 0.3889634907245636 0.10857753455638885 0.22278490662574768
