0 0.3749598264694214 0.8535662889480591 0.03264280781149864 0.09780044853687286
0 0.7042175531387329 0.5754191279411316 0.028689002618193626 0.08878101408481598
0 0.5196353197097778 0.7748184204101562 0.02292175218462944 0.10101360827684402
0 0.299711674451828 0.8161708116531372 0.027398014441132545 0.10471903532743454
0 0.3333960771560669 0.7997148036956787 0.02893209457397461 0.09263686835765839
0 0.41527730226516724 0.8444681763648987 0.03199199214577675 0.09280039370059967
0 0.5823516845703125 0.9239330887794495 0.03865776211023331 0.11892115324735641
0 0.6033810973167419 0.8930370807647705 0.03286100924015045 0.1259564757347107
0 0.49325960874557495 0.6501341462135315 0.01951160468161106 0.07937850803136826
0 0.36292365193367004 0.735625684261322 0.028891244903206825 0.09611977636814117
0 0.555715799331665 0.7725679278373718 0.02635040320456028 0.10039528459310532
0 0.432839572429657 0.7297124862670898 0.03940019756555557 0.08940717577934265
