0 0.7941005825996399 0.7143893837928772 0.1587582230567932 0.3803359568119049
0 0.5102409720420837 0.8399539589881897 0.1292678564786911 0.3188575804233551
0 0.13566932082176208 0.7950831651687622 0.1279567927122116 0.3938511610031128
0 0.6414116621017456 0.5095033049583435 0.12903518974781036 0.3264661133289337
0 0.32854321599006653 0.4562842547893524 0.13957610726356506 0.33654746413230896
0 0.2464732676744461 0.8328803181648254 0.11869440227746964 0.3214999735355377
0 0.5100651979446411 0.627674400806427 0.1069192886352539 0.27322396636009216
0 0.3776913583278656 0.24015603959560394 0.12220821529626846 0.3333805501461029
0 0.949809730052948 0.1796145737171173 0.09991683810949326 0.31333693861961365
0 0.45004233717918396 0.5815216898918152 0.07356376945972443 0.33183181285858154
0 0.182448148727417 0.5664896965026855 0.10838712751865387 0.2738967835903168
0 0.5824075937271118 0.4248264729976654 0.10318581014871597 0.37563756108283997
0 0.6983834505081177 0.6480395793914795 0.11349163204431534 0.3636952340602875
0 0.1329365074634552 0.3710207939147949 0.09968261420726776 0.31860649585723877
0 0.9465970993041992 0.6851595640182495 0.10627670586109161 0.3181905150413513
0 0.2345590591430664 0.34021785855293274 0.09282978624105453 0.3142242431640625
0 0.9516268372535706 0.7541407346725464 0.0961618423461914 0.4480534791946411
0 0.021104952320456505 0.9118428826332092 0.0421053022146225 0.17511393129825592
0 0.08906928449869156 0.5176024436950684 0.07708670943975449 0.23546676337718964
0 0.8972942233085632 0.3509507179260254 0.09344024956226349 0.31552040576934814
