0 0.718005359172821 0.7637427449226379 0.13841533660888672 0.3588193356990814
0 0.935259222984314 0.7057337164878845 0.12236709892749786 0.3569258451461792
0 0.45336151123046875 0.7507146000862122 0.1464269906282425 0.3547937572002411
0 0.10594682395458221 0.8854454755783081 0.11295197904109955 0.2277422547340393
0 0.3207504153251648 0.6752909421920776 0.12077512592077255 0.3821609914302826
0 0.1069612056016922 0.6089574098587036 0.10870208591222763 0.37019777297973633
0 0.5287835597991943 0.6597421169281006 0.10490547865629196 0.3396625220775604
0 0.5638233423233032 0.9737342000007629 0.056897543370723724 0.051144156605005264
0 0.25497862696647644 0.9704317450523376 0.054032374173402786 0.05794321745634079
0 0.796728789806366 0.5683728456497192 0.09630374610424042 0.40161436796188354
0 0.20909300446510315 0.5876091122627258 0.10797695815563202 0.36245137453079224
0 0.04755958542227745 0.5557985901832581 0.09364213794469833 0.3452681303024292
0 0.27443093061447144 0.22114381194114685 0.10303401947021484 0.35349977016448975
0 0.6762785315513611 0.5977644324302673 0.13078860938549042 0.29629817605018616
0 0.1705298274755478 0.22332251071929932 0.09946548938751221 0.3325592577457428
0 0.8513818383216858 0.39276325702667236 0.10823802649974823 0.3417845368385315
0 0.446369469165802 0.40821337699890137 0.08358535915613174 0.3741806745529175
0 0.7081883549690247 0.4080568850040436 0.08749599754810333 0.30646005272865295
0 0.09120114892721176 0.21053782105445862 0.06501306593418121 0.2515281140804291
