0 0.5941296815872192 0.6561692357063293 0.13505229353904724 0.4015639126300812
0 0.8865882754325867 0.779952347278595 0.13860702514648438 0.3630107343196869
0 0.5782068371772766 0.3671456575393677 0.09877128899097443 0.339401513338089
0 0.7996273636817932 0.5103972554206848 0.09880294650793076 0.3527456820011139
0 0.09265496581792831 0.8210670351982117 0.1661975383758545 0.3574241101741791
0 0.6374680995941162 0.2466803640127182 0.08392886817455292 0.3181416690349579
0 0.3093513250350952 0.3125450015068054 0.09239564090967178 0.3145780861377716
0 0.15482673048973083 0.5926079750061035 0.12538203597068787 0.39894813299179077
0 0.26275578141212463 0.5261629819869995 0.10549286007881165 0.33139440417289734
0 0.35954749584198 0.9465294480323792 0.10840463638305664 0.10588505864143372
0 0.4791916012763977 0.18659311532974243 0.09832277148962021 0.32673877477645874
0 0.12059709429740906 0.673398494720459 0.133264422416687 0.3587704598903656
0 0.3800148069858551 0.2594430148601532 0.09235143661499023 0.31681621074676514
0 0.7086321115493774 0.3042167127132416 0.08518066257238388 0.3096202313899994
0 0.7529317736625671 0.1708546280860901 0.1033855453133583 0.3013518154621124
0 0.36586132645606995 0.5235568284988403 0.1294344961643219 0.19326892495155334
0 0.32046568393707275 0.10371163487434387 0.0861412063241005 0.20742326974868774
0 0.019433779641985893 0.23044390976428986 0.038867559283971786 0.26433417201042175
0 0.2406470626592636 0.10737670212984085 0.11072590947151184 0.2147534042596817
0 0.36539795994758606 0.654815673828125 0.08054914325475693 0.2525274157524109
0 0.38381853699684143 0.8211854100227356 0.14004726707935333 0.23476049304008484
0 0.29285117983818054 0.8898022174835205 0.07094863057136536 0.21620407700538635
0 0.9139324426651001 0.4557477831840515 0.06500358879566193 0.2696095108985901
0 0.9507662057876587 0.27448225021362305 0.07380332797765732 0.3184470534324646
0 0.5742246508598328 0.11119440197944641 0.08536414802074432 0.22238880395889282
0 0.8556336760520935 0.3916557729244232 0.11759509891271591 0.39624372124671936
