0 0.14631123840808868 0.833888053894043 0.0718475729227066 0.20936253666877747
0 0.0354573018848896 0.8280830979347229 0.0594540610909462 0.20848719775676727
0 0.529806911945343 0.8301329016685486 0.04825131222605705 0.177459716796875
0 0.6979121565818787 0.6589834690093994 0.04928995668888092 0.17846420407295227
0 0.628912627696991 0.770935595035553 0.054743193089962006 0.1786031872034073
0 0.16252727806568146 0.6065763831138611 0.03968925401568413 0.1352715790271759
0 0.8881276845932007 0.9726048707962036 0.06375084072351456 0.053793590515851974
0 0.7061468362808228 0.8639795780181885 0.07002029567956924 0.2066752165555954
0 0.8281641006469727 0.8915692567825317 0.07743491977453232 0.1952565461397171
0 0.28750357031822205 0.32487916946411133 0.029819965362548828 0.10839555412530899
0 0.797698438167572 0.8189182877540588 0.05603332445025444 0.15945468842983246
0 0.5237535238265991 0.47559407353401184 0.03019987791776657 0.11528027802705765
0 0.8644693493843079 0.788996696472168 0.03704071044921875 0.16658300161361694
0 0.03552156314253807 0.6665372848510742 0.05502036586403847 0.1636458933353424
0 0.7746237516403198 0.40542715787887573 0.03276227414608002 0.1001974493265152
0 0.561145544052124 0.41484081745147705 0.03031393699347973 0.10312830656766891
0 0.5807763934135437 0.6243013143539429 0.06081352382898331 0.15785051882266998
0 0.21995539963245392 0.5961660742759705 0.03633832931518555 0.12659555673599243
0 0.4947846531867981 0.3005581796169281 0.02494659461081028 0.10051676630973816
