0 0.16576385498046875 0.817888617515564 0.14470510184764862 0.36080220341682434
0 0.5631840825080872 0.5490694642066956 0.14805303514003754 0.5291500687599182
0 0.8247632384300232 0.7712973952293396 0.1478128433227539 0.3628649413585663
0 0.6809213161468506 0.817121148109436 0.11142934113740921 0.36484092473983765
0 0.3023817837238312 0.8300020098686218 0.12861356139183044 0.3397155702114105
0 0.40621766448020935 0.7059597373008728 0.1126529723405838 0.3304424285888672
0 0.4397725462913513 0.906833291053772 0.11129112541675568 0.18550314009189606
0 0.8347713947296143 0.24786199629306793 0.11675949394702911 0.3008767366409302
0 0.7823205590248108 0.5606504678726196 0.08477840572595596 0.3183034360408783
0 0.23771914839744568 0.2849217653274536 0.0751248225569725 0.316787987947464
0 0.8772956728935242 0.5672057867050171 0.13278713822364807 0.2908203601837158
0 0.5804369449615479 0.19283173978328705 0.09204254299402237 0.29372385144233704
0 0.055903129279613495 0.5116800665855408 0.09924541413784027 0.34778478741645813
0 0.709865927696228 0.6147096157073975 0.10398896783590317 0.35809439420700073
0 0.6334854960441589 0.40702709555625916 0.09636268764734268 0.2984887361526489
0 0.04839958995580673 0.8438568115234375 0.09679917991161346 0.3112403452396393
0 0.017955292016267776 0.2150711864233017 0.035709936171770096 0.2975500226020813
0 0.29392209649086 0.48271170258522034 0.10420673340559006 0.32374870777130127
0 0.12178011238574982 0.5306292772293091 0.07659748941659927 0.2830738127231598
0 0.9265788793563843 0.24705804884433746 0.09515666961669922 0.2619697153568268
0 0.7210758924484253 0.3457520008087158 0.07795028388500214 0.3092520833015442
