0 0.03760305792093277 0.8303561806678772 0.07520611584186554 0.3341708183288574
0 0.7676165699958801 0.8109068274497986 0.13849353790283203 0.36870813369750977
0 0.14218032360076904 0.8234973549842834 0.11600003391504288 0.34673500061035156
0 0.8459388613700867 0.81208735704422 0.09830279648303986 0.37075334787368774
0 0.6020040512084961 0.8406295776367188 0.15419749915599823 0.31768596172332764
0 0.396512895822525 0.8830357789993286 0.12837210297584534 0.2294531911611557
0 0.2976139187812805 0.8402119874954224 0.1199888214468956 0.31657037138938904
0 0.5545546412467957 0.8304958939552307 0.08515415340662003 0.3281903862953186
0 0.4839841425418854 0.841437041759491 0.08549042046070099 0.31712594628334045
0 0.42191725969314575 0.7720937728881836 0.07511882483959198 0.2982737123966217
0 0.24245965480804443 0.8423933386802673 0.08974838256835938 0.3075686991214752
0 0.6382412910461426 0.9186506271362305 0.09017963707447052 0.16269870102405548
0 0.19856992363929749 0.7100012302398682 0.06350753456354141 0.18923458456993103
0 0.9671071171760559 0.8222325444221497 0.06501655280590057 0.33860811591148376
0 0.9111558794975281 0.8028566837310791 0.07380256801843643 0.37861278653144836
