0 0.36438992619514465 0.5823771953582764 0.12884880602359772 0.3747124969959259
0 0.9269726276397705 0.5416544675827026 0.11596870422363281 0.3823646008968353
0 0.5238367319107056 0.44012704491615295 0.15054480731487274 0.3342389762401581
0 0.9391147494316101 0.7232561707496643 0.12114028632640839 0.31933894753456116
0 0.16190578043460846 0.5781318545341492 0.12509001791477203 0.376338928937912
0 0.9620160460472107 0.15139251947402954 0.07540683448314667 0.29085880517959595
0 0.6671515107154846 0.4756668210029602 0.0781923308968544 0.3677135109901428
0 0.05787571892142296 0.5584583878517151 0.11575143784284592 0.47528761625289917
0 0.906140148639679 0.3212803602218628 0.119476318359375 0.26247087121009827
0 0.41219839453697205 0.49417442083358765 0.09760703891515732 0.3519861102104187
0 0.6309117674827576 0.1955922394990921 0.07137508690357208 0.2906074523925781
0 0.7591069340705872 0.38995522260665894 0.10016269981861115 0.30535316467285156
0 0.5708070993423462 0.15242229402065277 0.09595070034265518 0.30484458804130554
0 0.7840789556503296 0.19606846570968628 0.10165538638830185 0.29462605714797974
0 0.8617357611656189 0.1368875503540039 0.08345890045166016 0.2732289731502533
0 0.12381377071142197 0.28703007102012634 0.0843101292848587 0.30727046728134155
0 0.38249072432518005 0.2611939013004303 0.08065862953662872 0.2392641305923462
0 0.4802406430244446 0.33281052112579346 0.07305345684289932 0.34457284212112427
0 0.6929427981376648 0.04356072098016739 0.06760705262422562 0.08712144196033478
0 0.6872080564498901 0.2340555340051651 0.08162136375904083 0.20203420519828796
0 0.4508453607559204 0.21964603662490845 0.06138420104980469 0.3195933699607849
0 0.28712892532348633 0.25972414016723633 0.10081546753644943 0.2295577973127365
0 0.27741125226020813 0.11301302164793015 0.0975819081068039 0.21113049983978271
0 0.36127862334251404 0.11238986253738403 0.08690623939037323 0.1784360706806183
