0 0.7913455367088318 0.6209709048271179 0.040929920971393585 0.11506576836109161
0 0.47639378905296326 0.37405505776405334 0.023799896240234375 0.09533059597015381
0 0.4197794795036316 0.3235399127006531 0.026825523003935814 0.11858049780130386
0 0.6599870920181274 0.6409153342247009 0.03429298475384712 0.12851740419864655
0 0.9172574877738953 0.5300528407096863 0.038536835461854935 0.10086377710103989
0 0.4512394964694977 0.34126776456832886 0.041208840906620026 0.13223470747470856
0 0.5541137456893921 0.6429658532142639 0.03483467176556587 0.09768345952033997
0 0.34066474437713623 0.26328182220458984 0.042833805084228516 0.13457146286964417
0 0.3179919123649597 0.5488260984420776 0.07094325870275497 0.11517855525016785
0 0.8041189908981323 0.33483684062957764 0.017650794237852097 0.0602620430290699
