0 0.9110786318778992 0.6733078956604004 0.12673798203468323 0.39312031865119934
0 0.7858543395996094 0.8458474278450012 0.15774555504322052 0.3078468441963196
0 0.6374379992485046 0.6431089043617249 0.13029631972312927 0.3661065399646759
0 0.08440911024808884 0.777949333190918 0.1307021826505661 0.36530643701553345
0 0.22645190358161926 0.8745797276496887 0.11687391251325607 0.24996702373027802
0 0.7936937212944031 0.4089276194572449 0.13139458000659943 0.3499138653278351
0 0.513551652431488 0.6201683878898621 0.10458961874246597 0.4017196297645569
0 0.7016448974609375 0.1416703164577484 0.0977746993303299 0.2819308042526245
0 0.08727159351110458 0.23414315283298492 0.07711963355541229 0.2679888904094696
0 0.9631478786468506 0.2245360016822815 0.07261524349451065 0.34472107887268066
0 0.38209566473960876 0.6395794153213501 0.1065911278128624 0.3491324186325073
0 0.07721564173698425 0.4076932370662689 0.09148990362882614 0.2962425649166107
0 0.8220862150192261 0.1546865850687027 0.07395343482494354 0.27417927980422974
0 0.2985173463821411 0.7164339423179626 0.15757688879966736 0.3802291750907898
0 0.5595487952232361 0.1581726223230362 0.08792591094970703 0.3120580017566681
0 0.8659881353378296 0.331545889377594 0.07391128689050674 0.3444482684135437
0 0.297139048576355 0.2375360131263733 0.06667616963386536 0.3099910020828247
0 0.2491963654756546 0.13921144604682922 0.10006461292505264 0.2783457040786743
0 0.38532179594039917 0.15957190096378326 0.06290260702371597 0.2912523150444031
0 0.5811764001846313 0.5676191449165344 0.06394004821777344 0.3493672311306
0 0.6516743302345276 0.2998422682285309 0.09658966213464737 0.25098058581352234
0 0.2101466804742813 0.4435802102088928 0.08629908412694931 0.29002895951271057
