0 0.18885581195354462 0.8309585452079773 0.05934319645166397 0.20878364145755768
0 0.5013062357902527 0.5959059596061707 0.03166608884930611 0.1771596223115921
0 0.3873673677444458 0.6638189554214478 0.03963413089513779 0.16907428205013275
0 0.6341050863265991 0.5065245032310486 0.03549232333898544 0.18382446467876434
0 0.3981819748878479 0.5017514228820801 0.033628176897764206 0.17771434783935547
0 0.07920145988464355 0.8852908611297607 0.07545995712280273 0.22894151508808136
0 0.09234879910945892 0.6496215462684631 0.047699905931949615 0.21294091641902924
0 0.5216618180274963 0.45811131596565247 0.03159176558256149 0.14933624863624573
0 0.5945203900337219 0.4659387171268463 0.033058930188417435 0.1767893135547638
0 0.14209550619125366 0.6360424160957336 0.043726395815610886 0.1864202469587326
0 0.18405546247959137 0.6063609719276428 0.05025849491357803 0.18881140649318695
0 0.6771314144134521 0.48926210403442383 0.036454200744628906 0.16271741688251495
0 0.7886168360710144 0.4509769082069397 0.038268089294433594 0.1576978862285614
0 0.34885069727897644 0.6914743781089783 0.03231630474328995 0.17983992397785187
0 0.21495628356933594 0.9188266396522522 0.05304393917322159 0.1587592214345932
