0 0.49769172072410583 0.8169812560081482 0.030071545392274857 0.11597646027803421
0 0.3384469449520111 0.8597598671913147 0.038486480712890625 0.11488291621208191
0 0.38543426990509033 0.8508451581001282 0.030864525586366653 0.10837504267692566
0 0.7049846649169922 0.5760328769683838 0.030594952404499054 0.08677063137292862
0 0.2982248365879059 0.7949443459510803 0.030762959271669388 0.09716881811618805
0 0.41264909505844116 0.8475807905197144 0.029256533831357956 0.09712668508291245
0 0.7031853795051575 0.6793078184127808 0.021439362317323685 0.08612997084856033
0 0.46902188658714294 0.8159869909286499 0.026842117309570312 0.07636608183383942
0 0.6574054956436157 0.6957553625106812 0.023065121844410896 0.10362116247415543
0 0.4937465786933899 0.6501971483230591 0.018808746710419655 0.07740465551614761
0 0.5444807410240173 0.8531248569488525 0.03400402143597603 0.1144968643784523
0 0.7743507027626038 0.5977836847305298 0.024862544611096382 0.09186656028032303
0 0.015429666265845299 0.5301454067230225 0.02326238714158535 0.07225290685892105
0 0.5223764181137085 0.7821709513664246 0.02310120314359665 0.09999644011259079
0 0.7380771636962891 0.5815349817276001 0.02248687669634819 0.09683430939912796
0 0.5991250276565552 0.42358309030532837 0.01891498640179634 0.06569646298885345
