0 0.3267945349216461 0.5738157629966736 0.0629587173461914 0.21817944943904877
0 0.26401108503341675 0.21623191237449646 0.03726852685213089 0.13045011460781097
0 0.2178456336259842 0.5401107668876648 0.07622504234313965 0.21912600100040436
0 0.6589767336845398 0.664327085018158 0.033640287816524506 0.15072780847549438
0 0.893933892250061 0.5248420834541321 0.035237692296504974 0.0943782776594162
0 0.7752296924591064 0.6359848380088806 0.04007110744714737 0.13482284545898438
0 0.8326051831245422 0.4805973470211029 0.028302382677793503 0.10114936530590057
0 0.3713257610797882 0.6012842655181885 0.04638547822833061 0.19195866584777832
0 0.9072992205619812 0.4327772259712219 0.03446922451257706 0.11364834755659103
0 0.8832032680511475 0.40609681606292725 0.021721458062529564 0.08937378227710724
0 0.9741190075874329 0.5714353919029236 0.05119628831744194 0.14352035522460938
0 0.7573654055595398 0.5886595249176025 0.041079141199588776 0.13048489391803741
0 0.8535064458847046 0.34334346652030945 0.031957246363162994 0.10857325792312622
0 0.8509563207626343 0.3662533164024353 0.026430701836943626 0.06593600660562515
0 0.5104031562805176 0.25841569900512695 0.02306194230914116 0.07194232940673828
0 0.4329708218574524 0.200958251953125 0.028177451342344284 0.0684584304690361
0 0.7369551062583923 0.31581059098243713 0.015814781188964844 0.060899097472429276
0 0.9811989665031433 0.5750927329063416 0.03711967542767525 0.145599365234375
