0 0.1340077668428421 0.8415313959121704 0.11622829735279083 0.3113532066345215
0 0.6058200001716614 0.816781759262085 0.10704918205738068 0.36318057775497437
0 0.03573857620358467 0.843720018863678 0.07147715240716934 0.31255993247032166
0 0.4765048623085022 0.8387042284011841 0.08259344100952148 0.3180491030216217
0 0.9602508544921875 0.8703992962837219 0.07855834811925888 0.2460225373506546
0 0.2528662085533142 0.8455095887184143 0.0882469192147255 0.30646243691444397
0 0.8528555631637573 0.8706308007240295 0.2187419831752777 0.2537546753883362
0 0.694599986076355 0.8386712670326233 0.08389206230640411 0.3077794313430786
0 0.31831663846969604 0.8374954462051392 0.11177067458629608 0.31656187772750854
0 0.7479426264762878 0.8880537152290344 0.11596622318029404 0.21960550546646118
0 0.9387797117233276 0.7145040035247803 0.050356674939394 0.2861761748790741
0 0.18003016710281372 0.7090359330177307 0.04914367198944092 0.2486409991979599
0 0.51933354139328 0.8216418027877808 0.049307823181152344 0.35282406210899353
0 0.6741434335708618 0.7331963181495667 0.045305442065000534 0.14677920937538147
0 0.7065160870552063 0.6445477604866028 0.04804573208093643 0.11468717455863953
