0 0.26837730407714844 0.5654395818710327 0.05818222463130951 0.19234979152679443
0 0.4124331772327423 0.3134244680404663 0.027538299560546875 0.12234723567962646
0 0.5376913547515869 0.6604316830635071 0.03895397111773491 0.172069251537323
0 0.5018408894538879 0.38006591796875 0.03111419640481472 0.11038970947265625
0 0.13979479670524597 0.5215643048286438 0.06300009787082672 0.2080346792936325
0 0.16052857041358948 0.13924965262413025 0.029460430145263672 0.158101424574852
0 0.9119550585746765 0.5516142249107361 0.0354461669921875 0.10728530585765839
0 0.08217587321996689 0.0849718376994133 0.03130142390727997 0.13869361579418182
0 0.27890393137931824 0.22628472745418549 0.03067169152200222 0.12155430763959885
0 0.7086305022239685 0.41836410760879517 0.028302956372499466 0.07111803442239761
0 0.7941433191299438 0.3200397789478302 0.01912822760641575 0.06919403374195099
0 0.2603221535682678 0.21393631398677826 0.03563566133379936 0.13422873616218567
0 0.05828871950507164 0.4535941779613495 0.06770846992731094 0.2730409502983093
0 0.909451425075531 0.3843216001987457 0.02127361297607422 0.06495975703001022
0 0.0708778128027916 0.4183727204799652 0.03180179372429848 0.12002360075712204
0 0.052421554923057556 0.3960361182689667 0.05737404525279999 0.15608049929141998
