0 0.8162584900856018 0.599351167678833 0.04591770097613335 0.13616561889648438
0 0.28262895345687866 0.5118837356567383 0.04977254942059517 0.12625303864479065
0 0.10506448894739151 0.4817040264606476 0.05356166511774063 0.24992536008358002
0 0.14795763790607452 0.49452924728393555 0.06612944602966309 0.2683309018611908
0 0.7262032628059387 0.31248563528060913 0.018195152282714844 0.0654987320303917
0 0.6748899221420288 0.35223138332366943 0.025237273424863815 0.07751674950122833
0 0.7692140936851501 0.3290879428386688 0.02067260816693306 0.09823506325483322
0 0.7090425491333008 0.30693525075912476 0.019197845831513405 0.0690869614481926
0 0.8044822812080383 0.32299551367759705 0.016637802124023438 0.07287760823965073
0 0.9161333441734314 0.41422414779663086 0.02672882005572319 0.0760166198015213
0 0.06028028950095177 0.4473503530025482 0.06606055796146393 0.2662304937839508
0 0.7877388000488281 0.33384254574775696 0.02264080010354519 0.10136502236127853
0 0.560293436050415 0.7025471925735474 0.0453123077750206 0.12747468054294586
0 0.5848738551139832 0.6450696587562561 0.03391227871179581 0.09376335144042969
