0 0.8507798314094543 0.4735097587108612 0.1585584580898285 0.3931938111782074
0 0.6848013997077942 0.5907467603683472 0.11994476616382599 0.385855108499527
0 0.05382939800620079 0.7738197445869446 0.10765879601240158 0.3150690793991089
0 0.4993257522583008 0.8930884599685669 0.09542099386453629 0.21247990429401398
0 0.42046576738357544 0.7000165581703186 0.1064767837524414 0.3851775825023651
0 0.1251421421766281 0.6955307126045227 0.14437974989414215 0.38436228036880493
0 0.23905010521411896 0.6124808192253113 0.11808910220861435 0.307403564453125
0 0.8256447315216064 0.29935744404792786 0.12331657111644745 0.3273243308067322
0 0.4316975772380829 0.10866400599479675 0.09657402336597443 0.2173280119895935
0 0.36690711975097656 0.8085335493087769 0.1873948723077774 0.38144323229789734
0 0.4517844319343567 0.2764561176300049 0.08142967522144318 0.26192721724510193
0 0.9558746218681335 0.37230202555656433 0.0879543274641037 0.38925933837890625
0 0.2866078019142151 0.27664703130722046 0.07339181751012802 0.29481080174446106
0 0.49542000889778137 0.6347941756248474 0.07789544761180878 0.33087319135665894
0 0.14819258451461792 0.3226459324359894 0.08325672149658203 0.2983417510986328
0 0.114557184278965 0.5263172388076782 0.11867320537567139 0.34225359559059143
0 0.6242054104804993 0.3976861238479614 0.08877646178007126 0.33095765113830566
0 0.5568898916244507 0.5226008296012878 0.08425483852624893 0.34610188007354736
0 0.20266011357307434 0.4477623403072357 0.06755420565605164 0.20680667459964752
0 0.44199275970458984 0.468840628862381 0.08089427649974823 0.20177879929542542
0 0.7564360499382019 0.1340075433254242 0.081355981528759 0.2672180235385895
0 0.21894390881061554 0.18142203986644745 0.08778796344995499 0.35957303643226624
0 0.8654705286026001 0.09514499455690384 0.09146346896886826 0.18960325419902802
0 0.965986430644989 0.06654202938079834 0.0635833740234375 0.13245801627635956
0 0.6962607502937317 0.13229775428771973 0.0701342299580574 0.2380821704864502
