0 0.12108521163463593 0.8448118567466736 0.11440734565258026 0.301229864358902
0 0.02897285856306553 0.8643434047698975 0.05786247178912163 0.2617126405239105
0 0.9719847440719604 0.7764755487442017 0.055556487292051315 0.41606271266937256
0 0.5121914148330688 0.8814307451248169 0.11606540530920029 0.23472154140472412
0 0.18977312743663788 0.7476025819778442 0.06464652717113495 0.27145910263061523
0 0.9133262634277344 0.668118417263031 0.050072479993104935 0.26208946108818054
0 0.2332915961742401 0.8599841594696045 0.0909157246351242 0.2755540609359741
0 0.9231847524642944 0.8994739055633545 0.10504455864429474 0.20105226337909698
0 0.38338184356689453 0.8913354873657227 0.09953222423791885 0.2149805724620819
0 0.40841740369796753 0.7823900580406189 0.0743497833609581 0.2671184837818146
0 0.6093599796295166 0.8998080492019653 0.10047940909862518 0.19567854702472687
0 0.7438840866088867 0.6500890254974365 0.06472816318273544 0.1761070191860199
0 0.29872626066207886 0.8481294512748718 0.09300541877746582 0.3009202778339386
0 0.8449865579605103 0.9037191867828369 0.1297615021467209 0.19256168603897095
0 0.4730430543422699 0.8292160034179688 0.0674869567155838 0.2575887143611908
0 0.5280265808105469 0.6887096166610718 0.05661620944738388 0.19074808061122894
