0 0.7672106027603149 0.8255608677864075 0.1854076385498047 0.3488783836364746
0 0.15219752490520477 0.8202283978462219 0.10846829414367676 0.35195350646972656
0 0.590360164642334 0.850597620010376 0.12288417667150497 0.2940070331096649
0 0.8996490240097046 0.8271412253379822 0.15621967613697052 0.3365938067436218
0 0.49611490964889526 0.8377925157546997 0.0827668160200119 0.3164123594760895
0 0.9497548937797546 0.8056074380874634 0.10047302395105362 0.3736855387687683
0 0.04124080389738083 0.8353353142738342 0.08034402132034302 0.32386067509651184
0 0.021421505138278008 0.851865291595459 0.04272007197141647 0.2885487973690033
0 0.30279678106307983 0.8357465267181396 0.15022554993629456 0.32832810282707214
0 0.43936657905578613 0.7637507915496826 0.06578807532787323 0.2819308936595917
0 0.5674408078193665 0.7323225140571594 0.10037317126989365 0.22262386977672577
0 0.41579803824424744 0.8805548548698425 0.10646390914916992 0.23861898481845856
0 0.6661086082458496 0.7751138210296631 0.06464443355798721 0.3780958354473114
