0 0.7307129502296448 0.8589706420898438 0.1316632330417633 0.2791374921798706
0 0.1039554625749588 0.8516715168952942 0.12177886813879013 0.2931784689426422
0 0.830511212348938 0.8416878581047058 0.10728874057531357 0.3064022362232208
0 0.9819498062133789 0.7299509048461914 0.035567473620176315 0.3124757409095764
0 0.9251786470413208 0.7038235068321228 0.08649539947509766 0.307303249835968
0 0.47023525834083557 0.8552802801132202 0.0882883071899414 0.27800801396369934
0 0.021263763308525085 0.8682929873466492 0.04242721199989319 0.26299405097961426
0 0.17599917948246002 0.8383194208145142 0.05674846097826958 0.31191712617874146
0 0.6279976963996887 0.8853263258934021 0.16019287705421448 0.22687751054763794
0 0.3685166835784912 0.89592045545578 0.10740470886230469 0.20815913379192352
0 0.7431740760803223 0.7047743797302246 0.0901784896850586 0.250387579202652
0 0.22523561120033264 0.8636267781257629 0.0839986801147461 0.25974392890930176
0 0.39818716049194336 0.7973169684410095 0.07405786216259003 0.2817074656486511
