0 0.5142629742622375 0.7622004747390747 0.1393021196126938 0.37369677424430847
0 0.28692615032196045 0.5892669558525085 0.13849282264709473 0.3263635039329529
0 0.4255591332912445 0.882611095905304 0.12811985611915588 0.2336685210466385
0 0.17618148028850555 0.6136370897293091 0.12556740641593933 0.3639184236526489
0 0.8665546774864197 0.7076419591903687 0.10936622321605682 0.39123624563217163
0 0.7716287970542908 0.653842031955719 0.13967151939868927 0.3520291745662689
0 0.40150630474090576 0.516351580619812 0.11473582684993744 0.34772273898124695
0 0.592122495174408 0.5145903825759888 0.08287811279296875 0.354441374540329
0 0.9492617249488831 0.5715288519859314 0.08781357109546661 0.3595980405807495
0 0.12898990511894226 0.7079439759254456 0.13583533465862274 0.29555562138557434
0 0.1499614417552948 0.3174262046813965 0.10073176771402359 0.3134770393371582
0 0.7263311743736267 0.5561370253562927 0.0863366425037384 0.3691421449184418
0 0.07598375529050827 0.41282379627227783 0.08936292678117752 0.30103600025177
0 0.8936527967453003 0.2757449448108673 0.12882384657859802 0.33460503816604614
0 0.19494923949241638 0.09719737619161606 0.07232551276683807 0.19439475238323212
0 0.2662281394004822 0.3703910708427429 0.0991048663854599 0.2709602415561676
0 0.14182093739509583 0.8543970584869385 0.12145144492387772 0.29120585322380066
0 0.3073796331882477 0.25112658739089966 0.08515003323554993 0.28534144163131714
0 0.9689756631851196 0.12882015109062195 0.06154327467083931 0.25628796219825745
0 0.04969019070267677 0.6144450902938843 0.07546225935220718 0.2266799956560135
