0 0.053970154374837875 0.8426039218902588 0.05988549068570137 0.21799519658088684
0 0.10262160003185272 0.6450476050376892 0.04765009880065918 0.15219447016716003
0 0.8659276366233826 0.7917587161064148 0.04088535159826279 0.16712531447410583
0 0.5889180302619934 0.8088592290878296 0.049486733973026276 0.19204863905906677
0 0.6285904049873352 0.7823293209075928 0.0458412803709507 0.18202129006385803
0 0.017781438305974007 0.59629225730896 0.035418108105659485 0.16289444267749786
0 0.7854174971580505 0.8079903721809387 0.047012075781822205 0.17374801635742188
0 0.114383764564991 0.8201895952224731 0.0380130372941494 0.15245895087718964
0 0.1986904740333557 0.5776510834693909 0.04280676692724228 0.1601005494594574
0 0.566512942314148 0.6116949915885925 0.04422251507639885 0.1642758697271347
0 0.767809271812439 0.7274027466773987 0.053722381591796875 0.183186337351799
0 0.30234184861183167 0.624789297580719 0.04327879101037979 0.1444096863269806
0 0.7003442049026489 0.630844235420227 0.044310759752988815 0.16755294799804688
0 0.06373833119869232 0.5940379500389099 0.041806481778621674 0.1436789184808731
0 0.4340458810329437 0.5313865542411804 0.03590278699994087 0.13520406186580658
