0 0.4219469726085663 0.7650505900382996 0.14869241416454315 0.37284502387046814
0 0.805868923664093 0.2992718517780304 0.11615187674760818 0.34044739603996277
0 0.8711759448051453 0.8134860396385193 0.12232551723718643 0.3719508647918701
0 0.817564845085144 0.5581537485122681 0.13168907165527344 0.35207951068878174
0 0.6846932768821716 0.9533994793891907 0.10995502769947052 0.09233211725950241
0 0.13210317492485046 0.5423376560211182 0.1242823526263237 0.3713729977607727
0 0.43867233395576477 0.4317198097705841 0.1124601662158966 0.35310980677604675
0 0.6467790603637695 0.4410034120082855 0.1258319914340973 0.345138818025589
0 0.9155595898628235 0.3008694052696228 0.09316825866699219 0.34348395466804504
0 0.9471544027328491 0.5172139406204224 0.08452186733484268 0.34264856576919556
0 0.2636270523071289 0.3880349099636078 0.08980369567871094 0.3206513822078705
0 0.03909997642040253 0.45303934812545776 0.07810855656862259 0.3324640393257141
0 0.08391387015581131 0.08972833305597305 0.07992102950811386 0.1794566661119461
0 0.8647323846817017 0.04319671913981438 0.07922248542308807 0.08639343827962875
0 0.18076230585575104 0.4961695373058319 0.10213803499937057 0.3183291256427765
0 0.4632844924926758 0.10157490521669388 0.09697961807250977 0.20279894769191742
0 0.7894097566604614 0.06793709099292755 0.06775341182947159 0.13578741252422333
0 0.43474501371383667 0.9819223880767822 0.058031272143125534 0.03517099842429161
0 0.6518043279647827 0.0886840894818306 0.08217620849609375 0.1773681789636612
0 0.981921374797821 0.9606953859329224 0.03546123579144478 0.07782448828220367
0 0.33568888902664185 0.13535650074481964 0.054744720458984375 0.2687624990940094
0 0.22307844460010529 0.13970105350017548 0.06172504276037216 0.2562069594860077
0 0.7231910824775696 0.0883263498544693 0.05968628078699112 0.17662546038627625
0 0.051010917872190475 0.2965209186077118 0.09554605185985565 0.21764570474624634
0 0.14901205897331238 0.2905034124851227 0.08427329361438751 0.15062497556209564
0 0.4972851574420929 0.3719659447669983 0.07708508521318436 0.33326154947280884
0 0.5514391660690308 0.1964689940214157 0.08561954647302628 0.30708783864974976
