0 0.3552039563655853 0.825374186038971 0.16375732421875 0.3477180600166321
0 0.873548150062561 0.8103970885276794 0.12830772995948792 0.3766311705112457
0 0.6304541826248169 0.6081113219261169 0.13342539966106415 0.30850985646247864
0 0.7206618785858154 0.7230806946754456 0.13338063657283783 0.37597525119781494
0 0.8721302151679993 0.4744592308998108 0.13024672865867615 0.3571990132331848
0 0.5242506861686707 0.6645816564559937 0.12002217024564743 0.3663131594657898
0 0.504472553730011 0.8557015061378479 0.13676825165748596 0.2885255515575409
0 0.23090559244155884 0.7560300230979919 0.14181016385555267 0.3746226131916046
0 0.13858738541603088 0.6529409289360046 0.0825914815068245 0.26586413383483887
0 0.9530354738235474 0.19221600890159607 0.0935174971818924 0.2510552406311035
0 0.6588876247406006 0.29737183451652527 0.0863567367196083 0.31527677178382874
0 0.4068586230278015 0.49808037281036377 0.0856870636343956 0.38196295499801636
0 0.7440903186798096 0.253618061542511 0.08723678439855576 0.30602142214775085
0 0.11619779467582703 0.20728978514671326 0.07486415654420853 0.3098888397216797
0 0.13852137327194214 0.535696268081665 0.09468252956867218 0.1986747682094574
0 0.29295453429222107 0.4070186913013458 0.11005134880542755 0.3465493619441986
0 0.12872616946697235 0.916627824306488 0.11235309392213821 0.16531804203987122
0 0.22569921612739563 0.459269642829895 0.08470411598682404 0.23862825334072113
0 0.9612951278686523 0.38916707038879395 0.07697983086109161 0.35544684529304504
0 0.031128395348787308 0.8548244833946228 0.06209759786725044 0.2883175015449524
0 0.9561634063720703 0.8874925374984741 0.0866420716047287 0.2246031016111374
0 0.49735528230667114 0.4962354004383087 0.09822632372379303 0.38044053316116333
0 0.80609530210495 0.3061344623565674 0.09496574103832245 0.3117022216320038
0 0.40711116790771484 0.14698179066181183 0.06915684044361115 0.2501198351383209
0 0.5900977253913879 0.4335358440876007 0.07969780266284943 0.3051818013191223
0 0.5187872648239136 0.22235623002052307 0.0781412124633789 0.18433040380477905
