0 0.10481979697942734 0.8531887531280518 0.11998562514781952 0.2903154194355011
0 0.9778929948806763 0.7356707453727722 0.0437253937125206 0.3585618734359741
0 0.02389049343764782 0.8620254397392273 0.04774707928299904 0.275949090719223
0 0.7926217913627625 0.8446921706199646 0.10107364505529404 0.3106157183647156
0 0.704881489276886 0.8533483743667603 0.12215633690357208 0.2883578836917877
0 0.5738974809646606 0.8972708582878113 0.1458282470703125 0.20250989496707916
0 0.4699765145778656 0.860640823841095 0.08665084838867188 0.27450308203697205
0 0.8677330017089844 0.7244652509689331 0.0738452896475792 0.340590238571167
0 0.7263990044593811 0.7033279538154602 0.08854074776172638 0.23642277717590332
0 0.36502009630203247 0.8972832560539246 0.10522041469812393 0.20543357729911804
0 0.17382006347179413 0.8248298764228821 0.057045985013246536 0.2860097289085388
0 0.2886003851890564 0.8567501306533813 0.10231256484985352 0.28190410137176514
0 0.2252621203660965 0.8201954960823059 0.08196811378002167 0.1696585714817047
0 0.4003513753414154 0.8022286295890808 0.07205085456371307 0.28614363074302673
0 0.9069890975952148 0.7038558721542358 0.056990813463926315 0.3026827871799469
