0 0.8649231195449829 0.7869352698326111 0.046158600598573685 0.17267349362373352
0 0.20613722503185272 0.6938347816467285 0.04633493348956108 0.18244828283786774
0 0.6699150204658508 0.8209593296051025 0.05870456621050835 0.2051316201686859
0 0.5826952457427979 0.9566469192504883 0.05565745010972023 0.08540462702512741
0 0.17025558650493622 0.7151109576225281 0.05700407177209854 0.18672306835651398
0 0.10723666846752167 0.697892427444458 0.04928011819720268 0.17172059416770935
0 0.4690973162651062 0.7329404950141907 0.06572379916906357 0.1795346587896347
0 0.6622477173805237 0.6501508355140686 0.046572495251894 0.16427816450595856
0 0.7709711790084839 0.6029748320579529 0.05164674296975136 0.16524048149585724
0 0.3300175070762634 0.5120145082473755 0.04735412448644638 0.15065447986125946
0 0.7097939252853394 0.6409828066825867 0.048220444470644 0.15216916799545288
0 0.738043487071991 0.41628459095954895 0.03687172010540962 0.10428670048713684
