0 0.6530793309211731 0.6416502594947815 0.0502660758793354 0.1314951628446579
0 0.8920320272445679 0.3470121920108795 0.019485855475068092 0.05968257039785385
0 0.790777862071991 0.383649617433548 0.02720794640481472 0.08031664788722992
0 0.7616437077522278 0.37759339809417725 0.02129586599767208 0.07623416185379028
0 0.8244252800941467 0.35306602716445923 0.02106342278420925 0.07636468857526779
0 0.43063822388648987 0.5829964280128479 0.03690814971923828 0.12070096284151077
0 0.6686745882034302 0.27750667929649353 0.018805313855409622 0.05853099748492241
0 0.2758379876613617 0.06321211904287338 0.025661548599600792 0.09957624971866608
0 0.8564174771308899 0.42677056789398193 0.026985932141542435 0.08537852019071579
0 0.645190417766571 0.273484468460083 0.016049640253186226 0.05325128883123398
0 0.382051020860672 0.6270594596862793 0.05193917080760002 0.17093734443187714
0 0.8050015568733215 0.3504498302936554 0.02035757713019848 0.07751121371984482
