0 0.6647897362709045 0.9576252102851868 0.06051664054393768 0.05941200256347656
0 0.5286366939544678 0.40190213918685913 0.03342675045132637 0.03759765625
0 0.8573615550994873 0.9411628842353821 0.04850701242685318 0.05556640774011612
0 0.3274882733821869 0.7944690585136414 0.05490027368068695 0.05829296261072159
0 0.22238320112228394 0.23592543601989746 0.0295777078717947 0.047907065600156784
0 0.03254522755742073 0.8631559610366821 0.05944322049617767 0.05543327331542969
0 0.5801073908805847 0.8991780877113342 0.05147111788392067 0.052853964269161224
0 0.6337926983833313 0.3918456435203552 0.03061133436858654 0.04540141299366951
0 0.3459453880786896 0.3794424831867218 0.02740512415766716 0.04067640379071236
0 0.6277628540992737 0.7569239139556885 0.04555392637848854 0.0598207488656044
