0 0.5839622616767883 0.7762578129768372 0.14522667229175568 0.4061294496059418
0 0.049317359924316406 0.5526313185691833 0.09863471984863281 0.3877811133861542
0 0.10638627409934998 0.8117147088050842 0.11656679958105087 0.3758354187011719
0 0.3332730531692505 0.6412357091903687 0.11088120192289352 0.3412282168865204
0 0.18953028321266174 0.8956770300865173 0.1401456892490387 0.207234188914299
0 0.7178320288658142 0.6671261191368103 0.12474918365478516 0.3578295111656189
0 0.8860052824020386 0.2712659537792206 0.09144401550292969 0.322704017162323
0 0.2668658494949341 0.7805589437484741 0.12136152386665344 0.2519834637641907
0 0.2055710256099701 0.4007425606250763 0.10666608810424805 0.3584649860858917
0 0.9557520151138306 0.8049007654190063 0.08804664760828018 0.3898414671421051
0 0.07414960861206055 0.25883471965789795 0.0892343670129776 0.2990967929363251
0 0.2950143814086914 0.9376509189605713 0.0861017256975174 0.12337909638881683
0 0.4419914782047272 0.3274209797382355 0.10203447192907333 0.30646973848342896
0 0.7844205498695374 0.8246015906333923 0.1138448715209961 0.34848976135253906
0 0.48687076568603516 0.734881579875946 0.0965198501944542 0.31559520959854126
0 0.357519268989563 0.14499801397323608 0.09317226707935333 0.2810862958431244
0 0.22703631222248077 0.1385798156261444 0.08867453038692474 0.2771596312522888
0 0.5966632962226868 0.6104029417037964 0.08140716701745987 0.2952406704425812
0 0.6759430170059204 0.5439121127128601 0.08357467502355576 0.3645622134208679
0 0.7809080481529236 0.3192448019981384 0.08011913299560547 0.34034064412117004
0 0.5954107642173767 0.4429611265659332 0.10132160037755966 0.18938812613487244
0 0.16410985589027405 0.16716495156288147 0.08185653388500214 0.21465004980564117
0 0.5234249830245972 0.5117357969284058 0.08260087668895721 0.15251745283603668
