0 0.6705514788627625 0.9466145634651184 0.08420181274414062 0.1066456288099289
0 0.6235811114311218 0.5406907200813293 0.05243720859289169 0.17943421006202698
0 0.5606009364128113 0.42059454321861267 0.05010509490966797 0.12946578860282898
0 0.37787964940071106 0.3547498881816864 0.033233802765607834 0.12206166237592697
0 0.10899250954389572 0.7577986121177673 0.04471168667078018 0.2730364501476288
0 0.40301865339279175 0.29569050669670105 0.022832680493593216 0.0916101485490799
0 0.5354883074760437 0.3658503293991089 0.02562367171049118 0.09871368110179901
0 0.7906563878059387 0.4947606027126312 0.027453040704131126 0.17262353003025055
0 0.467008501291275 0.3867832124233246 0.02140636369585991 0.07818857580423355
0 0.18420763313770294 0.8670476078987122 0.05561365932226181 0.12353973090648651
