0 0.8358244895935059 0.8668977618217468 0.02561018243432045 0.10529062896966934
0 0.7890062928199768 0.4702812135219574 0.01932220533490181 0.08656016737222672
0 0.8506124019622803 0.6601377725601196 0.024472469463944435 0.09798435121774673
0 0.7215976119041443 0.8814014196395874 0.035439301282167435 0.15338270366191864
0 0.9472739100456238 0.7769706845283508 0.024245452135801315 0.10392580181360245
0 0.7947642207145691 0.808437705039978 0.020678626373410225 0.09806151688098907
0 0.9794996380805969 0.5332152843475342 0.016812896355986595 0.09728928655385971
0 0.9000028967857361 0.766301155090332 0.02562713623046875 0.10737942159175873
0 0.9706234335899353 0.8867565393447876 0.027353668585419655 0.10585611313581467
0 0.9252282977104187 0.943469226360321 0.03498993068933487 0.10619104653596878
0 0.7609304785728455 0.7659429907798767 0.02867889404296875 0.15017768740653992
