0 0.9367685317993164 0.6449336409568787 0.12538719177246094 0.5146840214729309
0 0.13962101936340332 0.5914697647094727 0.12613649666309357 0.3569123446941376
0 0.7928177118301392 0.39466407895088196 0.14384250342845917 0.3055996298789978
0 0.6355510950088501 0.4715167284011841 0.12586727738380432 0.3727286458015442
0 0.699758768081665 0.27949410676956177 0.09837989509105682 0.30297547578811646
0 0.3303487002849579 0.5997831225395203 0.18296398222446442 0.3985337018966675
0 0.9610311388969421 0.13924722373485565 0.07695388793945312 0.2784944474697113
0 0.38993149995803833 0.30222612619400024 0.09434931725263596 0.34414243698120117
0 0.8894022107124329 0.31610992550849915 0.09747543185949326 0.3347184956073761
0 0.5514929294586182 0.15242910385131836 0.10193309932947159 0.3048582077026367
0 0.23466305434703827 0.1796019822359085 0.08914633095264435 0.30925700068473816
0 0.30432435870170593 0.27647101879119873 0.10383432358503342 0.29357460141181946
0 0.44863900542259216 0.4790436625480652 0.08671130985021591 0.3018881380558014
0 0.527187168598175 0.3257109820842743 0.06985731422901154 0.3429323136806488
0 0.7016417980194092 0.043369110673666 0.08636271208524704 0.086738221347332
0 0.14025823771953583 0.2955314517021179 0.10240305960178375 0.3273712396621704
0 0.0326620377600193 0.8283257484436035 0.06514904648065567 0.22560738027095795
0 0.48271796107292175 0.41456255316734314 0.07118634879589081 0.3032606840133667
0 0.38442981243133545 0.08989515155553818 0.06998701393604279 0.17454950511455536
0 0.05900875851511955 0.5098831057548523 0.09588944166898727 0.3667944073677063
0 0.6349946856498718 0.20645292103290558 0.07763977348804474 0.2809751629829407
0 0.4772336184978485 0.18798500299453735 0.05775117874145508 0.24542982876300812
0 0.827675461769104 0.14783956110477448 0.07245445251464844 0.1888665109872818
0 0.03495805710554123 0.2678847312927246 0.06982003152370453 0.1918884664773941
