0 0.6227750182151794 0.9425472617149353 0.09132099151611328 0.11445185542106628
0 0.676354706287384 0.9428389668464661 0.06279544532299042 0.11273905634880066
0 0.5248143672943115 0.3715782165527344 0.03593902662396431 0.11200281977653503
0 0.11679813265800476 0.9183493852615356 0.06733346730470657 0.1619107574224472
0 0.5773484706878662 0.31247973442077637 0.03110179863870144 0.10843105614185333
0 0.17664189636707306 0.9019251465797424 0.07126712799072266 0.19371618330478668
0 0.13638755679130554 0.587063193321228 0.042625799775123596 0.10299606621265411
0 0.4443744719028473 0.5945923328399658 0.07359256595373154 0.2081459015607834
0 0.4393991529941559 0.5626417398452759 0.06304178386926651 0.14773131906986237
0 0.48127520084381104 0.3685667812824249 0.026088714599609375 0.11681035161018372
0 0.13622570037841797 0.6086625456809998 0.04353377968072891 0.1496126800775528
