0 0.34777697920799255 0.5806470513343811 0.05198030546307564 0.22011439502239227
0 0.28105419874191284 0.5719363689422607 0.07224120944738388 0.20783957839012146
0 0.4785679280757904 0.6570162177085876 0.06893539428710938 0.16897226870059967
0 0.8058536648750305 0.6123246550559998 0.04449500888586044 0.14680913090705872
0 0.03551257774233818 0.45653483271598816 0.07102515548467636 0.2039879858493805
0 0.20446161925792694 0.521050751209259 0.04060039669275284 0.24167238175868988
0 0.6231132745742798 0.651089608669281 0.05527152866125107 0.11247151345014572
0 0.0836750790476799 0.4558803141117096 0.05516912788152695 0.25507181882858276
0 0.5575633645057678 0.6509467959403992 0.051578011363744736 0.09124120324850082
0 0.7349835634231567 0.4145553708076477 0.0266850795596838 0.10078201442956924
0 0.43775099515914917 0.33272939920425415 0.028372574597597122 0.12543678283691406
0 0.8435871601104736 0.4778202474117279 0.03606300428509712 0.09610235691070557
0 0.7623874545097351 0.42524972558021545 0.02376016043126583 0.08081410825252533
0 0.717549741268158 0.6126540303230286 0.04434661939740181 0.12828050553798676
