0 0.2099905014038086 0.839893102645874 0.06291122734546661 0.24089254438877106
0 0.5481120944023132 0.5970819592475891 0.03548240661621094 0.15437859296798706
0 0.1900942623615265 0.6672077775001526 0.041193071752786636 0.21083995699882507
0 0.3975328803062439 0.5202043056488037 0.032213784754276276 0.17026400566101074
0 0.09092883765697479 0.6775071620941162 0.05045676231384277 0.21061180531978607
0 0.5950052738189697 0.4930112063884735 0.030638884752988815 0.16833928227424622
0 0.2907753586769104 0.78436279296875 0.07630491256713867 0.2733856737613678
0 0.5210235118865967 0.4807915687561035 0.031024042516946793 0.14780372381210327
0 0.637442409992218 0.5371663570404053 0.03977508470416069 0.1620618999004364
0 0.7401959896087646 0.46180063486099243 0.03288326412439346 0.21266920864582062
