0 0.9681150913238525 0.8057429194450378 0.025236934423446655 0.10274188220500946
0 0.694323718547821 0.5849658250808716 0.020226668566465378 0.09666065126657486
0 0.862727701663971 0.6443851590156555 0.02371978759765625 0.10024555772542953
0 0.7935445308685303 0.7020189166069031 0.025388166308403015 0.0889386460185051
0 0.802333414554596 0.5761348605155945 0.02197418175637722 0.09280165284872055
0 0.7504279017448425 0.603357195854187 0.024342261254787445 0.10217054933309555
0 0.6525249481201172 0.4713399112224579 0.020588768646121025 0.08731173723936081
0 0.9010308980941772 0.7559034824371338 0.02587738074362278 0.0945810005068779
0 0.9525811076164246 0.49293166399002075 0.0216505266726017 0.0850665420293808
0 0.3337843418121338 0.16376499831676483 0.0343586802482605 0.09900286048650742
0 0.6663200259208679 0.3554765582084656 0.018977949395775795 0.0913429856300354
0 0.8794057369232178 0.7918983697891235 0.031200069934129715 0.10180369764566422
