0 0.18885892629623413 0.5181262493133545 0.051886796951293945 0.2282843291759491
0 0.9248605966567993 0.5720515847206116 0.04854011535644531 0.12116889655590057
0 0.3278578817844391 0.2510775625705719 0.03564281389117241 0.13408946990966797
0 0.39704006910324097 0.5707345604896545 0.03866462782025337 0.0974375382065773
0 0.021050075069069862 0.42830073833465576 0.04203168675303459 0.2547392249107361
0 0.42940789461135864 0.6311557292938232 0.06408290565013885 0.17454016208648682
0 0.5009916424751282 0.669471800327301 0.041486360132694244 0.16318558156490326
0 0.873469352722168 0.4910171627998352 0.030028153210878372 0.09987577050924301
0 0.44804438948631287 0.34260550141334534 0.027406882494688034 0.11773446202278137
0 0.22915688157081604 0.18588082492351532 0.03455667570233345 0.12799981236457825
