0 0.268227219581604 0.853205680847168 0.1521756947040558 0.2934374511241913
0 0.7094975113868713 0.9397592544555664 0.14537429809570312 0.11901278793811798
0 0.968541145324707 0.5165406465530396 0.06183014065027237 0.34951919317245483
0 0.9093561172485352 0.15676449239253998 0.11029396206140518 0.2861082851886749
0 0.48143279552459717 0.5045080184936523 0.13268925249576569 0.35631492733955383
0 0.4538021683692932 0.8684303164482117 0.10069036483764648 0.26160481572151184
0 0.3578625023365021 0.8307679891586304 0.12323150783777237 0.33660799264907837
0 0.5746793746948242 0.8351866006851196 0.0908488929271698 0.3295811414718628
0 0.6763366460800171 0.8280590772628784 0.1455482542514801 0.2545478940010071
0 0.42091643810272217 0.368180513381958 0.07037954032421112 0.3087325692176819
0 0.7990601658821106 0.3959950804710388 0.13206501305103302 0.33287402987480164
0 0.08173497766256332 0.1276722103357315 0.06744430959224701 0.25519150495529175
0 0.22200676798820496 0.5824410915374756 0.11237691342830658 0.3840700685977936
0 0.32655760645866394 0.6568898558616638 0.11679461598396301 0.25036218762397766
0 0.13733582198619843 0.06077464297413826 0.0652988851070404 0.12154928594827652
0 0.2655504643917084 0.1129939928650856 0.0719899982213974 0.2259879857301712
0 0.3391619920730591 0.12099888920783997 0.08893299102783203 0.24199777841567993
0 0.10050220787525177 0.5653626322746277 0.19191761314868927 0.458172470331192
0 0.6349160671234131 0.5701024532318115 0.08275546878576279 0.336931049823761
0 0.6879876255989075 0.6061362624168396 0.1196390762925148 0.2383829802274704
0 0.9664642214775085 0.32707181572914124 0.06600990146398544 0.29628971219062805
0 0.24434883892536163 0.3585478365421295 0.08213744312524796 0.22974134981632233
0 0.3188067674636841 0.3977853059768677 0.07506580650806427 0.30699387192726135
0 0.7666310667991638 0.2992660403251648 0.14347712695598602 0.22321364283561707
0 0.5801050662994385 0.4950804114341736 0.08065052330493927 0.3307155668735504
0 0.05279327556490898 0.17490972578525543 0.07168655842542648 0.26509183645248413
0 0.5531577467918396 0.22870178520679474 0.07526292651891708 0.2980756163597107
0 0.18198487162590027 0.46925845742225647 0.06240607798099518 0.3565712869167328
