0 0.9308670163154602 0.8483856320381165 0.1374458372592926 0.3002275228500366
0 0.1092367172241211 0.8467074632644653 0.11614780128002167 0.2977898418903351
0 0.789648175239563 0.8790661096572876 0.15660877525806427 0.2418678253889084
0 0.22774262726306915 0.8576624393463135 0.0929526835680008 0.27720779180526733
0 0.37481868267059326 0.8907474279403687 0.10202784836292267 0.21594272553920746
0 0.022911934182047844 0.8970736265182495 0.04567243158817291 0.2046995311975479
0 0.880998432636261 0.6737087965011597 0.04877929762005806 0.2743167579174042
0 0.2843438684940338 0.8500808477401733 0.09856601059436798 0.29913127422332764
0 0.40070581436157227 0.7798815965652466 0.07169055938720703 0.2686662971973419
0 0.9619587063789368 0.6744534373283386 0.072576142847538 0.29712092876434326
0 0.46814966201782227 0.9277592897415161 0.09426870197057724 0.14448140561580658
0 0.5091856718063354 0.7221978306770325 0.074170783162117 0.2813056409358978
0 0.6357258558273315 0.941100537776947 0.13904914259910583 0.11501414328813553
