0 0.8086667656898499 0.8494925498962402 0.12979832291603088 0.2998705506324768
0 0.6726759076118469 0.7698878049850464 0.1552501618862152 0.40199199318885803
0 0.5196614265441895 0.3740403354167938 0.10749797523021698 0.364975243806839
0 0.9178935885429382 0.47356322407722473 0.12482567131519318 0.3711274564266205
0 0.1295701563358307 0.6548128128051758 0.1576216071844101 0.3419438600540161
0 0.3928537368774414 0.8318455815315247 0.09083770215511322 0.3335970640182495
0 0.4455099105834961 0.6762378215789795 0.10658133774995804 0.33513933420181274
0 0.43759071826934814 0.24960844218730927 0.1005760207772255 0.40136396884918213
0 0.6101675629615784 0.5986576080322266 0.10514755547046661 0.3328920900821686
0 0.6331836581230164 0.2895415127277374 0.1114007979631424 0.3360466957092285
0 0.2804999351501465 0.2666953206062317 0.10251758992671967 0.3497649133205414
0 0.2998726963996887 0.6471314430236816 0.11395824700593948 0.3734409213066101
0 0.22641552984714508 0.5310851335525513 0.09315722435712814 0.3427261710166931
0 0.8731765747070312 0.19212716817855835 0.12180519104003906 0.3144453763961792
0 0.12820550799369812 0.37662798166275024 0.10330867022275925 0.31373658776283264
0 0.7251561880111694 0.3651368319988251 0.10486755520105362 0.33351007103919983
0 0.6840776801109314 0.21488475799560547 0.09919033199548721 0.3585796356201172
0 0.3699924349784851 0.5427372455596924 0.06904401630163193 0.3339819610118866
0 0.9371164441108704 0.10705000907182693 0.06587409973144531 0.21410001814365387
0 0.3703835904598236 0.15745458006858826 0.0587361641228199 0.27490419149398804
0 0.5034146308898926 0.0917707309126854 0.059327125549316406 0.1835414618253708
0 0.21369819343090057 0.9336493015289307 0.12852688133716583 0.1318376362323761
0 0.08240073174238205 0.23698346316814423 0.08151404559612274 0.29211074113845825
0 0.04085300490260124 0.5657282471656799 0.08155851811170578 0.371054083108902
0 0.14313746988773346 0.1704360544681549 0.08205164968967438 0.28265076875686646
0 0.05584193766117096 0.13024261593818665 0.08541056513786316 0.25909823179244995
0 0.09576468169689178 0.9000380039215088 0.14349870383739471 0.19842706620693207
0 0.7796739935874939 0.5435056090354919 0.13061542809009552 0.2937518358230591
