0 0.027324024587869644 0.8016195297241211 0.053808681666851044 0.21568498015403748
0 0.19635511934757233 0.6003342270851135 0.0396394245326519 0.15748609602451324
0 0.8645616769790649 0.7899110317230225 0.04702911525964737 0.1692909300327301
0 0.08258084952831268 0.7872753739356995 0.04356522485613823 0.17176420986652374
0 0.7598848938941956 0.8321249485015869 0.055124856531620026 0.17603522539138794
0 0.09412994980812073 0.6458792090415955 0.05341296270489693 0.15490391850471497
0 0.017854416742920876 0.5960789322853088 0.035660091787576675 0.1674649566411972
0 0.16555331647396088 0.6081691384315491 0.040255799889564514 0.15890024602413177
0 0.7723594903945923 0.6872349977493286 0.05860627442598343 0.18496805429458618
0 0.5440338850021362 0.5764274001121521 0.03589588776230812 0.161651611328125
0 0.6303905248641968 0.5864105820655823 0.03675403445959091 0.15194612741470337
0 0.7498160004615784 0.4732016623020172 0.035439491271972656 0.10444001108407974
0 0.2486385852098465 0.6036046147346497 0.03551778942346573 0.1304142028093338
0 0.5807037353515625 0.5627027750015259 0.03970203548669815 0.17765744030475616
0 0.5796109437942505 0.7250589728355408 0.04865506663918495 0.17415538430213928
