0 0.09926890581846237 0.7280054688453674 0.19196096062660217 0.40182724595069885
0 0.35392746329307556 0.6511508226394653 0.13712215423583984 0.382396399974823
0 0.40113019943237305 0.4325554668903351 0.1187833771109581 0.3486764132976532
0 0.8251609802246094 0.7745991945266724 0.09451122581958771 0.34641265869140625
0 0.9498540759086609 0.651711106300354 0.09989242255687714 0.36928892135620117
0 0.7313286066055298 0.24244418740272522 0.08963985741138458 0.31728649139404297
0 0.33514389395713806 0.2500222325325012 0.10108839720487595 0.33875396847724915
0 0.14973875880241394 0.5193654894828796 0.15173183381557465 0.38080623745918274
0 0.5507444739341736 0.5328996181488037 0.13582263886928558 0.35336506366729736
0 0.9629866480827332 0.11528951674699783 0.07301750034093857 0.2294447124004364
0 0.4313112795352936 0.24662631750106812 0.07501383125782013 0.29913678765296936
0 0.03353675827383995 0.3003467917442322 0.0670735165476799 0.30146855115890503
0 0.8938143253326416 0.2004728466272354 0.07781200110912323 0.2659643292427063
0 0.8924983739852905 0.4740162193775177 0.14779052138328552 0.30329450964927673
0 0.7877476811408997 0.10808756947517395 0.14928220212459564 0.2161751389503479
0 0.0593344010412693 0.13958117365837097 0.09507108479738235 0.27916234731674194
0 0.5218425393104553 0.21819141507148743 0.07973213493824005 0.28802764415740967
0 0.6548561453819275 0.2581384479999542 0.06715278327465057 0.31976285576820374
0 0.6316126585006714 0.3347265124320984 0.10205783694982529 0.35572120547294617
0 0.1080513671040535 0.133706733584404 0.06386031210422516 0.266012579202652
0 0.21427388489246368 0.42348921298980713 0.08914355933666229 0.3146149814128876
0 0.8402208089828491 0.24538040161132812 0.06944312900304794 0.2927979528903961
0 0.26588910818099976 0.09135591983795166 0.06810374557971954 0.1827096790075302
0 0.9695881009101868 0.32086366415023804 0.0604373924434185 0.2339814454317093
0 0.5887858271598816 0.1047951728105545 0.08453921973705292 0.209590345621109
0 0.1764668971300125 0.23468303680419922 0.09534887224435806 0.23705601692199707
