0 0.7064498662948608 0.5759637355804443 0.026589520275592804 0.0906016007065773
0 0.49485141038894653 0.8129724860191345 0.027174949645996094 0.12248408049345016
0 0.3627487123012543 0.8463274836540222 0.0449770912528038 0.11986389011144638
0 0.4109962582588196 0.8486952185630798 0.03180398792028427 0.0996958389878273
0 0.4799916446208954 0.7229154706001282 0.028775596991181374 0.0787540003657341
0 0.46708545088768005 0.805205225944519 0.02900228463113308 0.08986680954694748
0 0.5356894135475159 0.7991253137588501 0.021833132952451706 0.10401484370231628
0 0.5546764135360718 0.7824556231498718 0.026909256353974342 0.1100161224603653
0 0.6964407563209534 0.6979555487632751 0.02892303466796875 0.12277272343635559
0 0.567746102809906 0.8253812789916992 0.02589181251823902 0.10075200349092484
0 0.7596310973167419 0.6426507234573364 0.021486854180693626 0.07333984225988388
0 0.44250136613845825 0.7828309535980225 0.022573471069335938 0.09018325805664062
