0 0.7117516398429871 0.8662805557250977 0.05988023430109024 0.06354217231273651
0 0.6695075035095215 0.9463421106338501 0.05925021693110466 0.05938224866986275
0 0.09690272808074951 0.8079879879951477 0.0617191307246685 0.05830726772546768
0 0.5298344492912292 0.40346628427505493 0.03897089138627052 0.03548078611493111
0 0.8466715216636658 0.21812334656715393 0.03295864537358284 0.03714601323008537
0 0.07574931532144547 0.22201856970787048 0.04015367478132248 0.04302368313074112
0 0.35492566227912903 0.3827938735485077 0.02629055455327034 0.043119873851537704
0 0.37073826789855957 0.9888179898262024 0.053176794201135635 0.021519850939512253
0 0.39688247442245483 0.1973235309123993 0.02330322191119194 0.03836803510785103
0 0.23931172490119934 0.2233775556087494 0.028357088565826416 0.0364106185734272
0 0.6346802711486816 0.3942963778972626 0.02954762801527977 0.04031909257173538
0 0.7803812623023987 0.5997356176376343 0.0479532890021801 0.05173155292868614
0 0.7335054278373718 0.4031809866428375 0.03382636234164238 0.04613914340734482
0 0.5739353895187378 0.8758988976478577 0.05171825364232063 0.061685752123594284
0 0.8154042959213257 0.486578106880188 0.0462595634162426 0.04853258281946182
0 0.41427087783813477 0.3109464645385742 0.02704637311398983 0.02532949484884739
0 0.8037248253822327 0.9424291253089905 0.05650227889418602 0.05442523956298828
