0 0.9701200723648071 0.5612345933914185 0.034995269030332565 0.1231076568365097
0 0.10104823112487793 0.46813544631004333 0.059964369982481 0.2523353695869446
0 0.07770733535289764 0.09580238908529282 0.034737225621938705 0.14078402519226074
0 0.022171132266521454 0.440573126077652 0.04427690431475639 0.2563868761062622
0 0.44066914916038513 0.6319483518600464 0.05698966979980469 0.1938076913356781
0 0.12959024310112 0.1276221126317978 0.04736756533384323 0.1562843918800354
0 0.8438923358917236 0.5740298628807068 0.03999748080968857 0.11845741420984268
0 0.5528620481491089 0.6828989386558533 0.0661127120256424 0.15811055898666382
0 0.25028663873672485 0.21589747071266174 0.02542905882000923 0.11495090276002884
0 0.4838075637817383 0.6597651243209839 0.04234800487756729 0.16235753893852234
0 0.30504685640335083 0.24960534274578094 0.03840614855289459 0.12614892423152924
0 0.7808173894882202 0.5746421813964844 0.038445282727479935 0.1330287903547287
