0 0.20731887221336365 0.8892224431037903 0.062237851321697235 0.2175426334142685
0 0.14699599146842957 0.7334601879119873 0.048056405037641525 0.2462904155254364
0 0.6634949445724487 0.569598913192749 0.0368475578725338 0.17969800531864166
0 0.6209585666656494 0.5791375637054443 0.039309121668338776 0.1740570068359375
0 0.5530416369438171 0.6247020363807678 0.04113912582397461 0.18514692783355713
0 0.4660482406616211 0.6206346750259399 0.038549043238162994 0.19865994155406952
0 0.21969127655029297 0.6624536514282227 0.041394155472517014 0.2136835753917694
0 0.3575716018676758 0.6182108521461487 0.03182573243975639 0.1649603396654129
0 0.0862853154540062 0.7135152220726013 0.05681151896715164 0.22943726181983948
0 0.5282967686653137 0.5946221351623535 0.027909468859434128 0.170182466506958
0 0.742526650428772 0.5372764468193054 0.037282563745975494 0.1462724208831787
0 0.5100681781768799 0.8587650060653687 0.046666208654642105 0.16758422553539276
0 0.21889972686767578 0.9577815532684326 0.047335434705019 0.08443688601255417
0 0.10852767527103424 0.34034407138824463 0.03172102943062782 0.12245848029851913
