0 0.2880043387413025 0.8748889565467834 0.15573766827583313 0.24911177158355713
0 0.7096503973007202 0.9110608696937561 0.16303856670856476 0.1771753877401352
0 0.24331478774547577 0.5633768439292908 0.11069154739379883 0.39985474944114685
0 0.8198983669281006 0.40521541237831116 0.12283382564783096 0.3236599266529083
0 0.5453367233276367 0.8275058269500732 0.0808076560497284 0.3432292938232422
0 0.32048267126083374 0.10896118730306625 0.10835690796375275 0.2170444130897522
0 0.4037448763847351 0.8658974766731262 0.09977305680513382 0.26710763573646545
0 0.13185438513755798 0.6164289116859436 0.13314221799373627 0.35653674602508545
0 0.7792460322380066 0.34332582354545593 0.10313129425048828 0.34672102332115173
0 0.509513258934021 0.4886894226074219 0.10860824584960938 0.3623950481414795
0 0.9737077951431274 0.4733423590660095 0.05213356018066406 0.40590786933898926
0 0.6662876009941101 0.8014437556266785 0.13436362147331238 0.3182583749294281
0 0.8931257128715515 0.15744291245937347 0.07131996005773544 0.2904246151447296
0 0.1497170776128769 0.05995427072048187 0.06231396272778511 0.11990854144096375
0 0.9817460775375366 0.1355174332857132 0.03604545444250107 0.2710348665714264
0 0.4638606905937195 0.37269675731658936 0.07435226440429688 0.31650733947753906
0 0.43558943271636963 0.13811543583869934 0.09414158016443253 0.2762308716773987
0 0.0907113328576088 0.17943263053894043 0.09333246201276779 0.2882467806339264
0 0.6436406373977661 0.5880110263824463 0.09880123287439346 0.19406980276107788
0 0.06443130970001221 0.5435153245925903 0.08928391337394714 0.3345099091529846
0 0.6751642823219299 0.520433783531189 0.0665552169084549 0.25542983412742615
0 0.36087027192115784 0.37860700488090515 0.11532191932201385 0.2577548921108246
0 0.3810396194458008 0.6164125204086304 0.11980104446411133 0.21166810393333435
