0 0.17856647074222565 0.6337428092956543 0.11874684691429138 0.39232000708580017
0 0.9329204559326172 0.5716155171394348 0.13361911475658417 0.38495495915412903
0 0.08125872910022736 0.6892097592353821 0.1387915015220642 0.38091176748275757
0 0.04387800395488739 0.12141100317239761 0.08741693943738937 0.24282200634479523
0 0.6388806700706482 0.9168104529380798 0.11494769901037216 0.16513366997241974
0 0.7590982913970947 0.7115554213523865 0.11922836303710938 0.3305738568305969
0 0.0633162260055542 0.3339696526527405 0.1266324520111084 0.3483588397502899
0 0.25262099504470825 0.19228243827819824 0.08293994516134262 0.279354065656662
0 0.6316398978233337 0.5071021318435669 0.09841575473546982 0.34688717126846313
0 0.3960028290748596 0.7167189717292786 0.11692438274621964 0.3557179868221283
0 0.15462498366832733 0.2310979813337326 0.08428358286619186 0.3168913424015045
0 0.3419743776321411 0.8044191002845764 0.10189056396484375 0.3872423470020294
0 0.9133352041244507 0.268731951713562 0.13658905029296875 0.31822362542152405
0 0.3047650456428528 0.9058751463890076 0.09609344601631165 0.18753357231616974
0 0.5586397647857666 0.816469132900238 0.08348347246646881 0.3012664318084717
0 0.46412545442581177 0.6084759831428528 0.10587844997644424 0.31122761964797974
0 0.8107287287712097 0.351669579744339 0.09849528968334198 0.3561275005340576
0 0.5164064168930054 0.4396521747112274 0.10565468668937683 0.28760120272636414
0 0.29508453607559204 0.4195620119571686 0.09641480445861816 0.2627605199813843
0 0.7037892937660217 0.35291770100593567 0.07875505834817886 0.34013423323631287
0 0.5265657901763916 0.24475640058517456 0.10805050283670425 0.32895007729530334
0 0.5250756740570068 0.8535322546958923 0.09336738288402557 0.291223406791687
0 0.6175004243850708 0.20355622470378876 0.10121975094079971 0.1876465529203415
0 0.720962405204773 0.5742451548576355 0.13458818197250366 0.33201709389686584
0 0.5456437468528748 0.8293318152427673 0.10924692451953888 0.33025407791137695
0 0.14679254591464996 0.0595359280705452 0.08633715659379959 0.11899431049823761
