0 0.47433575987815857 0.358890563249588 0.036799050867557526 0.11976977437734604
0 0.9315059781074524 0.6170694231987 0.05161132663488388 0.11348076164722443
0 0.41201096773147583 0.61622554063797 0.047187644988298416 0.19690141081809998
0 0.2950821816921234 0.5098097324371338 0.06454658508300781 0.16706949472427368
0 0.191927969455719 0.16827677190303802 0.03283003345131874 0.13011868298053741
0 0.11509290337562561 0.45232290029525757 0.0523080974817276 0.20583303272724152
0 0.6396560668945312 0.6358288526535034 0.04261188581585884 0.14395573735237122
0 0.2907780706882477 0.23569895327091217 0.04083862155675888 0.12372438609600067
0 0.5054668188095093 0.6524549126625061 0.05245799943804741 0.1895855814218521
0 0.7008072137832642 0.42169761657714844 0.026698684319853783 0.06473744660615921
0 0.8496109247207642 0.43833401799201965 0.024386977776885033 0.0876614898443222
0 0.881080687046051 0.5442332029342651 0.030233383178710938 0.10175564885139465
0 0.4013725519180298 0.1682700514793396 0.027597427368164062 0.08126505464315414
0 0.9107972383499146 0.45367786288261414 0.02720966376364231 0.09138946235179901
0 0.9381821155548096 0.46016523241996765 0.02644500695168972 0.09777653962373734
0 0.7820736169815063 0.5930567979812622 0.03281523287296295 0.10518493503332138
0 0.4957113265991211 0.6484497785568237 0.03974170610308647 0.18220260739326477
0 0.5133852362632751 0.6579499244689941 0.04181184619665146 0.19506730139255524
