0 0.911931037902832 0.6822435259819031 0.025351714342832565 0.09562426060438156
0 0.7923953533172607 0.483490526676178 0.021824052557349205 0.08793787658214569
0 0.7630599737167358 0.663023829460144 0.021850161254405975 0.10749771445989609
0 0.7058135271072388 0.718916654586792 0.02168545126914978 0.10827583819627762
0 0.6939669251441956 0.4852958023548126 0.020179366692900658 0.09188105911016464
0 0.6692438721656799 0.3570788502693176 0.019344964995980263 0.079786017537117
0 0.8807902932167053 0.68701171875 0.02240142785012722 0.08843760192394257
0 0.8152498006820679 0.28848856687545776 0.019811248406767845 0.08373457193374634
0 0.8068373203277588 0.7403590083122253 0.02704789862036705 0.08655842393636703
0 0.6995441317558289 0.2909967303276062 0.01852891780436039 0.07964050769805908
0 0.7278879880905151 0.6195225715637207 0.020479414612054825 0.09874249249696732
0 0.9467341303825378 0.8671737313270569 0.02504865825176239 0.09117330610752106
