0 0.37891000509262085 0.86067795753479 0.028728198260068893 0.10340449213981628
0 0.5117575526237488 0.7833214402198792 0.02368955686688423 0.10008061677217484
0 0.7059962153434753 0.5758265852928162 0.030461566522717476 0.0880480483174324
0 0.5358368158340454 0.6696015000343323 0.023524634540081024 0.08846329897642136
0 0.4165663421154022 0.8517106175422668 0.0328642837703228 0.10383284091949463
0 0.4926756024360657 0.6500890254974365 0.020142937079072 0.07854130864143372
0 0.2983631491661072 0.8085375428199768 0.02929077111184597 0.11942596733570099
0 0.3516350984573364 0.7539028525352478 0.02502603456377983 0.0857388824224472
0 0.5468636155128479 0.8171464800834656 0.028158919885754585 0.10598067939281464
0 0.33408844470977783 0.7995880246162415 0.027092456817626953 0.09498494118452072
0 0.5587655305862427 0.7797785401344299 0.02160116843879223 0.0918731689453125
0 0.6990863680839539 0.6918607354164124 0.02690296247601509 0.08697022497653961
0 0.6578128933906555 0.6943953037261963 0.020648129284381866 0.09600041806697845
0 0.6407376527786255 0.6876057386398315 0.01865927316248417 0.0845821350812912
