0 0.40849342942237854 0.855546236038208 0.03499584272503853 0.10689112544059753
0 0.7057101130485535 0.5715906620025635 0.02118701860308647 0.08621775358915329
0 0.2902917265892029 0.8192617893218994 0.0373019203543663 0.10755666345357895
0 0.5149577260017395 0.7816228270530701 0.023970413953065872 0.11078787595033646
0 0.4942336082458496 0.6496418118476868 0.018395042046904564 0.08067194372415543
0 0.5521724820137024 0.8083857297897339 0.03085956536233425 0.11196500808000565
0 0.35315191745758057 0.7540968060493469 0.026071930304169655 0.09515643864870071
0 0.33070364594459534 0.8076796531677246 0.030510902404785156 0.09266357123851776
0 0.6995962858200073 0.6936012506484985 0.02878437004983425 0.0962204858660698
0 0.3786729872226715 0.7147789597511292 0.02229388616979122 0.0988970473408699
0 0.6584969758987427 0.6971280574798584 0.02442963980138302 0.10867432504892349
0 0.7506998181343079 0.5721048712730408 0.026885222643613815 0.09987462311983109
0 0.6414207220077515 0.6873164176940918 0.01920286752283573 0.08835118263959885
