0 0.15274861454963684 0.8356218338012695 0.1341669112443924 0.32690921425819397
0 0.6367464065551758 0.8175435662269592 0.09320230782032013 0.3621791899204254
0 0.8441408276557922 0.8698921799659729 0.1946231871843338 0.2595187723636627
0 0.27114254236221313 0.8453901410102844 0.08202429115772247 0.30277711153030396
0 0.0516081377863884 0.8428637981414795 0.0797170028090477 0.30906879901885986
0 0.497979074716568 0.8443917036056519 0.08213672786951065 0.29854464530944824
0 0.7011436223983765 0.8409371376037598 0.08800611644983292 0.30111777782440186
0 0.0205656960606575 0.8666787147521973 0.04102838784456253 0.25908035039901733
0 0.33597666025161743 0.8376139998435974 0.11187601089477539 0.316103458404541
0 0.7554194331169128 0.8863222002983093 0.1024511307477951 0.2247896045446396
0 0.5452247858047485 0.8202006220817566 0.0644768700003624 0.3506532311439514
0 0.19616059958934784 0.7112308144569397 0.05124692991375923 0.21696557104587555
0 0.43918055295944214 0.77093505859375 0.06284580379724503 0.27885982394218445
0 0.4289684295654297 0.888424277305603 0.09637393802404404 0.22315147519111633
0 0.9248436689376831 0.7584136724472046 0.08447017520666122 0.25839895009994507
0 0.28982013463974 0.6286799907684326 0.029544925317168236 0.1289576143026352
