0 0.25547948479652405 0.712006151676178 0.15750131011009216 0.3472137451171875
0 0.4169262647628784 0.8157346844673157 0.10978956520557404 0.3677983283996582
0 0.05232001468539238 0.8385674953460693 0.10464002937078476 0.2998758852481842
0 0.09169474244117737 0.5677692294120789 0.12968429923057556 0.3349042236804962
0 0.5030885934829712 0.4264835715293884 0.09251486510038376 0.3580050468444824
0 0.6615117192268372 0.566211462020874 0.07910028845071793 0.33734384179115295
0 0.3745560348033905 0.615042507648468 0.14160127937793732 0.3932609558105469
0 0.9648116827011108 0.5767855048179626 0.06995086371898651 0.3473058342933655
0 0.9297904968261719 0.25738778710365295 0.12935905158519745 0.2924607992172241
0 0.7970445156097412 0.5924860835075378 0.12003110349178314 0.3661525249481201
0 0.570439338684082 0.274983674287796 0.07362518459558487 0.27886801958084106
0 0.27756866812705994 0.47481095790863037 0.07882876694202423 0.3819144070148468
0 0.41937288641929626 0.37970319390296936 0.11372442543506622 0.3036675751209259
0 0.9730414152145386 0.8765811324119568 0.05343589931726456 0.24634094536304474
0 0.8105633854866028 0.20468711853027344 0.10959835350513458 0.3006022274494171
0 0.6985887885093689 0.3241296410560608 0.08501376956701279 0.2990899682044983
0 0.8319970965385437 0.8884762525558472 0.11062049865722656 0.22209489345550537
0 0.20257551968097687 0.28370746970176697 0.10199949145317078 0.3393983840942383
0 0.12558187544345856 0.35247865319252014 0.13929744064807892 0.31828582286834717
0 0.3738674223423004 0.27619320154190063 0.06887789070606232 0.22772182524204254
0 0.026762139052152634 0.41809946298599243 0.0534350723028183 0.3299151062965393
0 0.8142391443252563 0.36305707693099976 0.06842537224292755 0.1743554174900055
0 0.4819667935371399 0.22363024950027466 0.07380304485559464 0.16942879557609558
0 0.981492817401886 0.1269349604845047 0.03655242919921875 0.25303059816360474
0 0.312540739774704 0.25186988711357117 0.0661093071103096 0.27254050970077515
