0 0.04203926399350166 0.4233436584472656 0.08123492449522018 0.2842758297920227
0 0.19969771802425385 0.5141919255256653 0.047360945492982864 0.23730947077274323
0 0.5760142803192139 0.6892617344856262 0.07232309877872467 0.1581677794456482
0 0.49824967980384827 0.6335533857345581 0.05198316648602486 0.21413853764533997
0 0.9643779993057251 0.5396689772605896 0.03808174282312393 0.10922584682703018
0 0.1360331028699875 0.13311274349689484 0.03117845021188259 0.13699400424957275
0 0.6150192022323608 0.6521471738815308 0.035137176513671875 0.10691197961568832
0 0.7348951697349548 0.40191441774368286 0.030571937561035156 0.0958840474486351
0 0.9359423518180847 0.5271331071853638 0.02870788611471653 0.09986995905637741
0 0.8003746271133423 0.4987339377403259 0.038938965648412704 0.1060410812497139
0 0.8112107515335083 0.41683053970336914 0.023096656426787376 0.07805849611759186
0 0.8994467258453369 0.9303878545761108 0.07546520233154297 0.1373756378889084
0 0.2829461395740509 0.08123519271612167 0.01904306374490261 0.08072301000356674
