0 0.7158186435699463 0.7139068841934204 0.16435948014259338 0.32556813955307007
0 0.3970869779586792 0.8100838661193848 0.16896279156208038 0.3793259561061859
0 0.8770121335983276 0.5633353590965271 0.1687370240688324 0.3672989010810852
0 0.1791800856590271 0.6160628199577332 0.1155204027891159 0.4227648377418518
0 0.11908956617116928 0.709096372127533 0.12778188288211823 0.37099355459213257
0 0.27809733152389526 0.8885128498077393 0.09734504669904709 0.2220848947763443
0 0.05407113954424858 0.3571228086948395 0.10814227908849716 0.3045162260532379
0 0.7798200249671936 0.6198307275772095 0.12415441125631332 0.35235467553138733
0 0.5770147442817688 0.8294681310653687 0.1292417198419571 0.3394022285938263
0 0.2481703758239746 0.18834936618804932 0.09385956078767776 0.3031948208808899
0 0.48538488149642944 0.6296906471252441 0.11136827617883682 0.34474265575408936
0 0.6273727416992188 0.537567138671875 0.09105567634105682 0.32182490825653076
0 0.444776713848114 0.42876526713371277 0.0885288268327713 0.3425862491130829
0 0.14176322519779205 0.2036823034286499 0.08960843831300735 0.28746360540390015
0 0.7950873970985413 0.3407685458660126 0.10118281096220016 0.29156258702278137
0 0.3238125443458557 0.7228493690490723 0.06451902538537979 0.33726343512535095
0 0.9600688815116882 0.46356314420700073 0.07895545661449432 0.36573970317840576
0 0.05639879032969475 0.12024814635515213 0.0905979797244072 0.24040181934833527
0 0.31810030341148376 0.42166683077812195 0.10364378243684769 0.3005155920982361
0 0.6221372485160828 0.3509320914745331 0.09977225959300995 0.20398426055908203
0 0.5349146127700806 0.43153494596481323 0.07427193224430084 0.3039744198322296
0 0.6266549825668335 0.22534595429897308 0.09859466552734375 0.20025457441806793
0 0.6917617917060852 0.3585616946220398 0.07904770970344543 0.33070892095565796
0 0.5351553559303284 0.2488403469324112 0.10306202620267868 0.2930767834186554
0 0.8656483292579651 0.24085809290409088 0.07341346889734268 0.39421796798706055
0 0.02341235615313053 0.10007023066282272 0.046585507690906525 0.19898635149002075
0 0.39199429750442505 0.6226043701171875 0.08334894478321075 0.34686386585235596
0 0.7038030028343201 0.1276566982269287 0.07755076140165329 0.2323247343301773
0 0.7797252535820007 0.18613484501838684 0.07875385135412216 0.34438687562942505
