0 0.4967285990715027 0.8153759241104126 0.031114768236875534 0.11427739262580872
0 0.5243055820465088 0.8071722984313965 0.027818266302347183 0.10125605016946793
0 0.351960152387619 0.8437469601631165 0.03126882016658783 0.1046651229262352
0 0.4648354649543762 0.8065402507781982 0.028661727905273438 0.08826777338981628
0 0.06770534813404083 0.8970323204994202 0.05251350253820419 0.13066330552101135
0 0.4941301941871643 0.6489295959472656 0.019875049591064453 0.07899703830480576
0 0.25258567929267883 0.8943762183189392 0.03161858022212982 0.1077728271484375
0 0.3781472146511078 0.853699266910553 0.030093764886260033 0.10291875153779984
0 0.705938994884491 0.5762255191802979 0.027671432122588158 0.08669789880514145
0 0.29981353878974915 0.7810690999031067 0.034167829900979996 0.11726514995098114
0 0.36430034041404724 0.6735337972640991 0.026449108496308327 0.09542219340801239
0 0.5631162524223328 0.8145930171012878 0.03618736192584038 0.1083257868885994
0 0.41346827149391174 0.8475989699363708 0.026660919189453125 0.09601669013500214
0 0.6731830835342407 0.704770028591156 0.01947396621108055 0.10483729094266891
0 0.3265024721622467 0.8039950728416443 0.02393484115600586 0.09282056987285614
