0 0.8003884553909302 0.859053909778595 0.15192584693431854 0.28080451488494873
0 0.4070039689540863 0.7570246458053589 0.11814025044441223 0.31672385334968567
0 0.21987047791481018 0.8472181558609009 0.15605945885181427 0.3050892651081085
0 0.7098103165626526 0.5907540917396545 0.1388249695301056 0.351091206073761
0 0.9331738948822021 0.9319600462913513 0.13257312774658203 0.13529205322265625
0 0.1122901514172554 0.4428900480270386 0.14965039491653442 0.3352828919887543
0 0.611364483833313 0.3747061491012573 0.1092478409409523 0.30557870864868164
0 0.47513869404792786 0.5570891499519348 0.12247664481401443 0.3272970914840698
0 0.8532468676567078 0.3434220850467682 0.09060554206371307 0.30891531705856323
0 0.8221668004989624 0.13218198716640472 0.05950908735394478 0.2634596824645996
0 0.9104028344154358 0.36566516757011414 0.12066860496997833 0.37010547518730164
0 0.2848953306674957 0.4237992465496063 0.07691411674022675 0.3560076355934143
0 0.16621099412441254 0.35953500866889954 0.12486624717712402 0.33284425735473633
0 0.7387558817863464 0.3195860683917999 0.11037330329418182 0.34672242403030396
0 0.42685431241989136 0.12521497905254364 0.08504393696784973 0.2504299581050873
0 0.4146359860897064 0.3595539629459381 0.10213899612426758 0.350572407245636
0 0.4875882565975189 0.15011638402938843 0.07971630245447159 0.2878737449645996
0 0.6839672327041626 0.21574237942695618 0.10899817198514938 0.32562047243118286
0 0.9411956667900085 0.5870406627655029 0.1172260269522667 0.35969415307044983
0 0.7473650574684143 0.10335623472929001 0.06711120903491974 0.18880200386047363
0 0.14034074544906616 0.08150070905685425 0.09264244884252548 0.1630014181137085
0 0.5638548135757446 0.1891901195049286 0.10109040141105652 0.3299257457256317
0 0.32351258397102356 0.14810480177402496 0.06991815567016602 0.2672279477119446
0 0.02096153423190117 0.5079375505447388 0.04173377528786659 0.4695999026298523
0 0.9882265329360962 0.146217480301857 0.023006057366728783 0.26611748337745667
0 0.9544708132743835 0.054582323879003525 0.03635520860552788 0.10916464775800705
0 0.9570531845092773 0.4825921058654785 0.08189201354980469 0.2624724209308624
0 0.04026883468031883 0.22188474237918854 0.07176876068115234 0.29162630438804626
0 0.0263825673609972 0.4597718417644501 0.05161269009113312 0.569006085395813
