0 0.37810298800468445 0.8529008030891418 0.031863655894994736 0.10089213401079178
0 0.7061386108398438 0.5782186985015869 0.025736236944794655 0.0855281800031662
0 0.3005509674549103 0.8158332109451294 0.027662944048643112 0.10549545288085938
0 0.33322852849960327 0.7996487021446228 0.026790937408804893 0.0896705612540245
0 0.5463335514068604 0.8849406838417053 0.03793621063232422 0.10740068554878235
0 0.5188267827033997 0.7892035841941833 0.026366233825683594 0.10293655097484589
0 0.4723929464817047 0.7122291326522827 0.024518584832549095 0.08614522963762283
0 0.4157041609287262 0.8421337604522705 0.03327512741088867 0.09430567175149918
0 0.6625158786773682 0.7057812809944153 0.033357810229063034 0.12270240485668182
0 0.5564382672309875 0.7689956426620483 0.029317092150449753 0.0894862711429596
0 0.6984449028968811 0.7008923292160034 0.02717692032456398 0.11091596633195877
0 0.6712769865989685 0.7072842717170715 0.02095540426671505 0.11419037729501724
