0 0.7159926295280457 0.9660336971282959 0.03526763990521431 0.06690368801355362
0 0.37668517231941223 0.8505223393440247 0.03152484819293022 0.10205002129077911
0 0.7053676843643188 0.5762795209884644 0.02845172956585884 0.08800137788057327
0 0.539511501789093 0.8427168130874634 0.028393331915140152 0.12149429321289062
0 0.3942951261997223 0.9511620998382568 0.04014625400304794 0.09677513688802719
0 0.7557373642921448 0.567188024520874 0.04112739488482475 0.11145617067813873
0 0.49268946051597595 0.6488479375839233 0.01896676979959011 0.07888412475585938
0 0.698959231376648 0.7003051042556763 0.02750682830810547 0.11101044714450836
0 0.414421945810318 0.8426932692527771 0.03607959672808647 0.09884033352136612
0 0.30006498098373413 0.8162723183631897 0.026473522186279297 0.10445090383291245
0 0.8658139705657959 0.5715427994728088 0.02140216901898384 0.07314478605985641
0 0.5213630795478821 0.7851048111915588 0.028640905395150185 0.11606021225452423
0 0.3339897692203522 0.7991781234741211 0.02870127372443676 0.09259999543428421
0 0.6725481748580933 0.7064074277877808 0.02288799360394478 0.12030322104692459
0 0.5226505994796753 0.8601809740066528 0.04122578352689743 0.14200541377067566
