0 0.41201668977737427 0.36864614486694336 0.03990917280316353 0.14528007805347443
0 0.6294423341751099 0.944382905960083 0.08379039913415909 0.11120783537626266
0 0.6796358823776245 0.9462015628814697 0.06005821377038956 0.10628966987133026
0 0.8951963782310486 0.6742372512817383 0.052845001220703125 0.22338931262493134
0 0.5332496762275696 0.4063851237297058 0.036957550793886185 0.12859997153282166
0 0.9212630987167358 0.5973303318023682 0.05601005628705025 0.19510065019130707
0 0.5846603512763977 0.41768544912338257 0.03836631774902344 0.13976414501667023
0 0.5558174252510071 0.6590604186058044 0.0494842529296875 0.20732392370700836
0 0.8030744194984436 0.4900277853012085 0.04394512251019478 0.15118879079818726
0 0.547292947769165 0.5316192507743835 0.05960512161254883 0.11882701516151428
