0 0.3781859576702118 0.8622658848762512 0.02488737180829048 0.0998842865228653
0 0.7067257761955261 0.576159656047821 0.03018341027200222 0.08834914863109589
0 0.4142012298107147 0.8514325618743896 0.03419981151819229 0.10193837434053421
0 0.5229040384292603 0.6695438623428345 0.02526480332016945 0.08520939946174622
0 0.5158635377883911 0.7787675857543945 0.023209189996123314 0.10725580900907516
0 0.351563960313797 0.7524065375328064 0.024533970281481743 0.08722148835659027
0 0.3003801703453064 0.8170694708824158 0.02977224998176098 0.10656271874904633
0 0.5475990176200867 0.822906494140625 0.028383255004882812 0.09332724660634995
0 0.49289384484291077 0.6505259275436401 0.020113086327910423 0.07733383029699326
0 0.5556642413139343 0.7796857357025146 0.026483535766601562 0.08932749181985855
0 0.33415043354034424 0.8039627075195312 0.027617359533905983 0.08799997717142105
0 0.6413421034812927 0.688629686832428 0.01952769048511982 0.08505605161190033
