0 0.7600888609886169 0.681057333946228 0.16169758141040802 0.3849830627441406
0 0.1732417792081833 0.9022445678710938 0.14738193154335022 0.1944718211889267
0 0.41322657465934753 0.7055358290672302 0.12096242606639862 0.3557676672935486
0 0.7106744050979614 0.5620831251144409 0.10976772010326385 0.36401939392089844
0 0.30242496728897095 0.8208892941474915 0.1400691419839859 0.35463622212409973
0 0.8775637149810791 0.7587567567825317 0.1217641830444336 0.371002197265625
0 0.07020814716815948 0.7998571395874023 0.11340294033288956 0.3698170483112335
0 0.04165654256939888 0.37614473700523376 0.08331308513879776 0.3342803120613098
0 0.953068733215332 0.8492875099182129 0.09328613430261612 0.29958000779151917
0 0.30330735445022583 0.4961271584033966 0.08334331214427948 0.3210409879684448
0 0.7908055782318115 0.3764529228210449 0.10283876955509186 0.26841914653778076
0 0.5851598381996155 0.6515621542930603 0.12536601722240448 0.38025525212287903
0 0.9684820175170898 0.3684278726577759 0.06258277595043182 0.36183056235313416
0 0.38784104585647583 0.49312126636505127 0.11092491447925568 0.34391772747039795
0 0.35274994373321533 0.17189691960811615 0.07093655318021774 0.28596577048301697
0 0.2229386270046234 0.6080904006958008 0.10149429738521576 0.34169548749923706
0 0.8799284100532532 0.11275198310613632 0.10490493476390839 0.22514644265174866
0 0.707894504070282 0.1924542784690857 0.06633853912353516 0.28331437706947327
0 0.1013437882065773 0.26548829674720764 0.08463035523891449 0.3125138282775879
0 0.4873563051223755 0.4515543580055237 0.08031664043664932 0.3539966344833374
0 0.24073822796344757 0.10020286589860916 0.09563653916120529 0.1980331689119339
0 0.32699573040008545 0.3155554533004761 0.07621660083532333 0.2502601742744446
0 0.5781715512275696 0.526054859161377 0.12274262309074402 0.3821025490760803
