0 0.8472785949707031 0.8808186650276184 0.15679554641246796 0.2383626252412796
0 0.11104525625705719 0.8476775884628296 0.11478898674249649 0.29805535078048706
0 0.9554816484451294 0.8667287230491638 0.0885126143693924 0.264894962310791
0 0.9707551002502441 0.6406084895133972 0.05744514614343643 0.21516317129135132
0 0.22624711692333221 0.8584689497947693 0.09263698011636734 0.27220186591148376
0 0.37471574544906616 0.8914384841918945 0.09751806408166885 0.21524234116077423
0 0.4962519109249115 0.9030823707580566 0.15232162177562714 0.1938352733850479
0 0.022606756538152695 0.8972236514091492 0.045046549290418625 0.20555266737937927
0 0.28950172662734985 0.8505040407180786 0.09728188812732697 0.2986494302749634
0 0.199311763048172 0.7307052612304688 0.06753706932067871 0.24387609958648682
0 0.8987464904785156 0.6698042750358582 0.05564861372113228 0.2677145302295685
0 0.4012790322303772 0.7834717631340027 0.07391948997974396 0.27272117137908936
0 0.8543159365653992 0.6523194909095764 0.04339485242962837 0.2205607146024704
0 0.5120157599449158 0.6918178200721741 0.058913134038448334 0.20896707475185394
0 0.6596118211746216 0.6673225164413452 0.05698194354772568 0.1774693876504898
