0 0.5301799178123474 0.40365302562713623 0.037689208984375 0.03992408141493797
0 0.6692246794700623 0.9460397362709045 0.060761403292417526 0.060507774353027344
0 0.7183570265769958 0.868099570274353 0.06168721616268158 0.06180114671587944
0 0.35149797797203064 0.38071951270103455 0.02725253626704216 0.0409693717956543
0 0.456085205078125 0.6728953123092651 0.04788289964199066 0.05712165683507919
0 0.5741223096847534 0.8646143078804016 0.05861273780465126 0.06992797553539276
0 0.2896621823310852 0.971973180770874 0.12196977436542511 0.05503406375646591
0 0.0946650505065918 0.22370953857898712 0.03553176298737526 0.04450950771570206
0 0.11106598377227783 0.7861080169677734 0.06326283514499664 0.06249218061566353
0 0.8019589185714722 0.9403022527694702 0.05941670760512352 0.05791740491986275
0 0.32010510563850403 0.9688881039619446 0.051907774060964584 0.052266500890254974
0 0.06810146570205688 0.7930293679237366 0.06654646247625351 0.05738627165555954
0 0.422861784696579 0.19121739268302917 0.024804264307022095 0.03750421106815338
0 0.634047269821167 0.3933945596218109 0.02812940813601017 0.04263363033533096
0 0.8428532481193542 0.21812602877616882 0.02633989043533802 0.03694581985473633
0 0.34706851840019226 0.8075579404830933 0.05000613257288933 0.04932880401611328
0 0.7092983722686768 0.6085549592971802 0.04614613950252533 0.06261539459228516
0 0.41475972533226013 0.3103046417236328 0.025676388293504715 0.02400512620806694
0 0.9151239991188049 0.928051769733429 0.05486077070236206 0.05359039455652237
