0 0.07461784780025482 0.888828456401825 0.05453500524163246 0.12119869887828827
0 0.3769364655017853 0.8603922724723816 0.03445787355303764 0.11279653012752533
0 0.460811048746109 0.7031636834144592 0.030884170904755592 0.1004115641117096
0 0.3468025326728821 0.8487536907196045 0.02701091766357422 0.09975051879882812
0 0.5609729886054993 0.8066047430038452 0.03778095170855522 0.1399073302745819
0 0.49549198150634766 0.8147954344749451 0.028161335736513138 0.12795409560203552
0 0.2879326641559601 0.8348405361175537 0.02960977517068386 0.1068284809589386
0 0.7016173005104065 0.6771501898765564 0.024726295843720436 0.0932883769273758
0 0.4136929512023926 0.8495131731033325 0.03241271898150444 0.1035003662109375
0 0.46699419617652893 0.808229386806488 0.02623310126364231 0.0902506485581398
0 0.4934343993663788 0.6487866640090942 0.020577335730195045 0.083831787109375
0 0.705656111240387 0.5753146409988403 0.02972259558737278 0.08897247165441513
0 0.2694912850856781 0.8378998041152954 0.025001032277941704 0.10917536169290543
0 0.6600865125656128 0.6958706974983215 0.03292121738195419 0.1309477537870407
0 0.8312326669692993 0.6935898065567017 0.030755233019590378 0.09319661557674408
0 0.011874029412865639 0.6839635372161865 0.02370411716401577 0.10145416110754013
0 0.6793793439865112 0.6544671654701233 0.02283019945025444 0.0801951065659523
