0 0.3048468828201294 0.7832688093185425 0.1490984410047531 0.4334370493888855
0 0.4425433576107025 0.9419540166854858 0.137139230966568 0.11453086137771606
0 0.6211904883384705 0.3662012219429016 0.11427021026611328 0.33804455399513245
0 0.7966930866241455 0.4569040834903717 0.10782738029956818 0.34689444303512573
0 0.6261073350906372 0.8831992149353027 0.09966583549976349 0.2328239381313324
0 0.5281113386154175 0.686791718006134 0.12510661780834198 0.3993321657180786
0 0.04913656413555145 0.7183642983436584 0.0982731282711029 0.36779284477233887
0 0.7709905505180359 0.8520200848579407 0.15640029311180115 0.29404088854789734
0 0.142793670296669 0.8179487586021423 0.1634584367275238 0.36307013034820557
0 0.8559979796409607 0.61421138048172 0.09333362430334091 0.33204296231269836
0 0.14318084716796875 0.6484776139259338 0.13498182594776154 0.3729373514652252
0 0.08648815751075745 0.09944143146276474 0.08698830753564835 0.19888286292552948
0 0.8603534698486328 0.3426404297351837 0.09510765224695206 0.3295319676399231
0 0.5357450842857361 0.08768343180418015 0.07887722551822662 0.17380587756633759
0 0.9572828412055969 0.4266336262226105 0.08456840366125107 0.3454172611236572
0 0.4734345078468323 0.46757495403289795 0.17564162611961365 0.303054541349411
0 0.9841750860214233 0.7237036824226379 0.031177902594208717 0.3649660646915436
0 0.2605021893978119 0.5144966840744019 0.11794976890087128 0.26448991894721985
0 0.6884549856185913 0.30209237337112427 0.07532234489917755 0.3047981560230255
0 0.3904792070388794 0.28395959734916687 0.0699763298034668 0.3320310413837433
0 0.14434537291526794 0.3301621079444885 0.08852242678403854 0.32399559020996094
0 0.20611442625522614 0.4321709871292114 0.07101473957300186 0.29465585947036743
0 0.4430002272129059 0.08049122989177704 0.05795745924115181 0.16098245978355408
