0 0.19365058839321136 0.5269716382026672 0.08418869972229004 0.22721260786056519
0 0.07341241836547852 0.08513881266117096 0.03245989978313446 0.12911494076251984
0 0.323415070772171 0.2516423165798187 0.034892018884420395 0.13431233167648315
0 0.4502299726009369 0.5901291966438293 0.049830056726932526 0.12785428762435913
0 0.3125130236148834 0.5868769288063049 0.05902872234582901 0.20189492404460907
0 0.020725389942526817 0.4420176148414612 0.04137471690773964 0.25602492690086365
0 0.35055631399154663 0.27494946122169495 0.02778634987771511 0.12320569157600403
0 0.15769846737384796 0.4505959451198578 0.038751937448978424 0.11945207417011261
0 0.39816030859947205 0.5535508394241333 0.07081136852502823 0.13524958491325378
0 0.7113882899284363 0.40365880727767944 0.02647075615823269 0.09053637087345123
0 0.018623335286974907 0.38191384077072144 0.037246670573949814 0.13209138810634613
