0 0.836138129234314 0.8757655024528503 0.05903053283691406 0.20847159624099731
0 0.1633572280406952 0.6263992190361023 0.05112643167376518 0.16476210951805115
0 0.7720144987106323 0.7467448115348816 0.04286022111773491 0.1854826658964157
0 0.7188146114349365 0.8486135005950928 0.050864219665527344 0.20106607675552368
0 0.7287572026252747 0.5495530366897583 0.040827371180057526 0.13815103471279144
0 0.5946563482284546 0.5751053094863892 0.04744357988238335 0.15140482783317566
0 0.027562111616134644 0.5948598384857178 0.037388186901807785 0.15626677870750427
0 0.667064905166626 0.8433634638786316 0.05636787414550781 0.18780797719955444
0 0.08815113455057144 0.6130898594856262 0.05043116956949234 0.15451063215732574
0 0.28594398498535156 0.9073771834373474 0.041947364807128906 0.1403859406709671
0 0.4771152436733246 0.9795359969139099 0.04456748813390732 0.03978119045495987
0 0.5878364443778992 0.7220401167869568 0.06393814086914062 0.18579453229904175
0 0.658247172832489 0.5758609771728516 0.047924041748046875 0.14510370790958405
0 0.20689405500888824 0.514106810092926 0.03853917121887207 0.12671852111816406
0 0.2880920469760895 0.6605752110481262 0.05788307264447212 0.1773151457309723
0 0.7388446927070618 0.4436061382293701 0.041963957250118256 0.08863898366689682
0 0.13452087342739105 0.49986687302589417 0.03791775554418564 0.13873417675495148
