0 0.12365233153104782 0.8777836561203003 0.05278918892145157 0.23535218834877014
0 0.061535898596048355 0.8885118365287781 0.06868297606706619 0.21854141354560852
0 0.2824685275554657 0.5750874280929565 0.03780641406774521 0.19510316848754883
0 0.19289283454418182 0.8273981213569641 0.06337623298168182 0.2030407339334488
0 0.8203306198120117 0.43659520149230957 0.03381691128015518 0.1357780396938324
0 0.14002694189548492 0.6390934586524963 0.044299833476543427 0.2112855762243271
0 0.5254478454589844 0.509468138217926 0.03365227207541466 0.17467811703681946
0 0.09778697788715363 0.6439191102981567 0.054053593426942825 0.1998201161623001
0 0.20683301985263824 0.606809139251709 0.05000297352671623 0.20608927309513092
0 0.46470147371292114 0.6089723706245422 0.037602998316287994 0.17828284204006195
