0 0.7223930358886719 0.575552225112915 0.1831909865140915 0.363427996635437
0 0.4059087634086609 0.8054770827293396 0.15544375777244568 0.3880520761013031
0 0.09700027108192444 0.7859503030776978 0.12157810479402542 0.2909052073955536
0 0.5534849166870117 0.8920880556106567 0.12236268073320389 0.21452993154525757
0 0.4313594698905945 0.13469530642032623 0.09300559014081955 0.26939061284065247
0 0.538180410861969 0.641649067401886 0.13266445696353912 0.3462703227996826
0 0.47166118025779724 0.30167412757873535 0.07788648456335068 0.3309527635574341
0 0.25899869203567505 0.6282358765602112 0.09620380401611328 0.33608317375183105
0 0.25921425223350525 0.30143147706985474 0.10371503978967667 0.3193133473396301
0 0.8767400979995728 0.2976531684398651 0.08188018947839737 0.3250501751899719
0 0.1450175642967224 0.5502141118049622 0.11734099686145782 0.3818229138851166
0 0.5951071381568909 0.475146621465683 0.0953967422246933 0.31791749596595764
0 0.5066402554512024 0.089393749833107 0.08905674517154694 0.178787499666214
0 0.35385164618492126 0.6982536911964417 0.12210283428430557 0.38385462760925293
0 0.8183887600898743 0.46030062437057495 0.10326461493968964 0.3710506856441498
0 0.6538977026939392 0.3927040100097656 0.09477417916059494 0.3334663510322571
0 0.7430711388587952 0.3085196018218994 0.10866597294807434 0.2238132506608963
0 0.40026772022247314 0.45861637592315674 0.08789186179637909 0.18736322224140167
0 0.14139269292354584 0.2617745101451874 0.09228178858757019 0.21783943474292755
0 0.07344970852136612 0.9680221676826477 0.051344651728868484 0.06298065185546875
0 0.5714789032936096 0.14960530400276184 0.0838550254702568 0.2979494631290436
0 0.0738750770688057 0.6104261875152588 0.10244251042604446 0.23891384899616241
0 0.046871282160282135 0.36789047718048096 0.0701993778347969 0.24995337426662445
0 0.1725441962480545 0.9795496463775635 0.05244731903076172 0.039736345410346985
0 0.9709241986274719 0.06464049965143204 0.05758209154009819 0.12888501584529877
