0 0.37577593326568604 0.8704267740249634 0.022895241156220436 0.11448974907398224
0 0.2983011305332184 0.8182844519615173 0.030533600598573685 0.1064910888671875
0 0.5159176588058472 0.7799223065376282 0.023498916998505592 0.10729658603668213
0 0.49526354670524597 0.666681170463562 0.03447713702917099 0.11773931980133057
0 0.7002317905426025 0.6913259029388428 0.027770042419433594 0.08990995585918427
0 0.35409268736839294 0.7534607648849487 0.02499980852007866 0.08999273180961609
0 0.701837420463562 0.5752690434455872 0.025412941351532936 0.08459510654211044
0 0.4068240225315094 0.8552446365356445 0.03193473815917969 0.09887534379959106
0 0.6412047147750854 0.689562201499939 0.020643489435315132 0.09070456027984619
0 0.33201223611831665 0.8048637509346008 0.026271915063261986 0.08707377314567566
0 0.6577694416046143 0.6967389583587646 0.0218327846378088 0.09821086376905441
0 0.5577422976493835 0.797731339931488 0.03296699374914169 0.12700864672660828
