0 0.7236623764038086 0.7606642246246338 0.048187255859375 0.18447545170783997
0 0.8862115144729614 0.9418749213218689 0.07048358768224716 0.11584778130054474
0 0.6524671912193298 0.7919883728027344 0.06401748955249786 0.19723938405513763
0 0.026560822501778603 0.943265974521637 0.053003374487161636 0.1127367690205574
0 0.5689771175384521 0.6909329891204834 0.04306284710764885 0.1636192351579666
0 0.12518706917762756 0.9608118534088135 0.07897666841745377 0.07724253088235855
0 0.8129198551177979 0.7411119937896729 0.05184955522418022 0.13797985017299652
0 0.5093620419502258 0.906890869140625 0.07967964559793472 0.18517379462718964
0 0.7714359760284424 0.3494919538497925 0.029410934075713158 0.10204480588436127
0 0.026391055434942245 0.7121894955635071 0.05278211086988449 0.1795450896024704
0 0.08373156934976578 0.544162392616272 0.04747730493545532 0.1417790800333023
0 0.4066298305988312 0.5092054605484009 0.0388394370675087 0.14743436872959137
0 0.6520009636878967 0.4822835624217987 0.03552722930908203 0.11467107385396957
0 0.8653885126113892 0.7868638634681702 0.041388701647520065 0.17591069638729095
0 0.10186150670051575 0.8225017189979553 0.0667104721069336 0.18066813051700592
0 0.6212059259414673 0.4006440341472626 0.031030209735035896 0.10601893812417984
