0 0.539544939994812 0.5974544882774353 0.0391756072640419 0.1724955290555954
0 0.4916790723800659 0.589093804359436 0.030366038903594017 0.16025611758232117
0 0.5933959484100342 0.5479791760444641 0.03896039351820946 0.20773129165172577
0 0.07292887568473816 0.878159761428833 0.056157518178224564 0.24368049204349518
0 0.1919841170310974 0.8168724775314331 0.059358470141887665 0.1925591379404068
0 0.7823008894920349 0.4705694615840912 0.03943087160587311 0.15885178744792938
0 0.27948760986328125 0.5641928315162659 0.0405992828309536 0.18403811752796173
0 0.4374772012233734 0.8547616004943848 0.05574093014001846 0.15536193549633026
0 0.5227633714675903 0.45649465918540955 0.03008089028298855 0.1432550847530365
0 0.40183767676353455 0.49601107835769653 0.03447113186120987 0.1723320633172989
0 0.4414512515068054 0.48223403096199036 0.034595489501953125 0.17984692752361298
0 0.47216081619262695 0.5712527632713318 0.03030414506793022 0.1643235981464386
