0 0.5355044007301331 0.8170810341835022 0.1259962022304535 0.34174981713294983
0 0.3132319748401642 0.8260167241096497 0.14576277136802673 0.3309246897697449
0 0.15865620970726013 0.8073680400848389 0.1508345603942871 0.3837314546108246
0 0.7491476535797119 0.7210731506347656 0.10364093631505966 0.3905346691608429
0 0.3409577012062073 0.4548892676830292 0.13545392453670502 0.33806318044662476
0 0.047232117503881454 0.9160938858985901 0.0941542461514473 0.1663953959941864
0 0.8178539276123047 0.5647276043891907 0.11806392669677734 0.3500330150127411
0 0.06261749565601349 0.5639616847038269 0.10311885178089142 0.334875226020813
0 0.9224689602851868 0.362377792596817 0.1251499205827713 0.31361475586891174
0 0.6593465209007263 0.6362476944923401 0.13199444115161896 0.3630771338939667
0 0.22438105940818787 0.3302308917045593 0.10261459648609161 0.3273129463195801
0 0.9319178462028503 0.6817906498908997 0.12823638319969177 0.3333151042461395
0 0.43573328852653503 0.6018449664115906 0.07313407212495804 0.36330872774124146
0 0.13353843986988068 0.4039863646030426 0.10233676433563232 0.3371860384941101
0 0.9368413090705872 0.8235218524932861 0.12552165985107422 0.33985477685928345
0 0.07815653830766678 0.3322995603084564 0.06762974709272385 0.3055966794490814
0 0.7525851130485535 0.41548430919647217 0.09448528289794922 0.2494545578956604
0 0.5308294892311096 0.6071417331695557 0.11746861040592194 0.293539434671402
0 0.3355802595615387 0.2108829915523529 0.09697818756103516 0.2572561204433441
0 0.8148602843284607 0.2608404755592346 0.07755667716264725 0.2767140567302704
