0 0.6915103793144226 0.9114668369293213 0.05989132076501846 0.1753494292497635
0 0.864613950252533 0.7865054607391357 0.046022605150938034 0.17452773451805115
0 0.21937541663646698 0.6564250588417053 0.0445077084004879 0.17201483249664307
0 0.16846595704555511 0.6535100340843201 0.045328330248594284 0.16999812424182892
0 0.013387098908424377 0.7138519883155823 0.026774197816848755 0.18658697605133057
0 0.04381145164370537 0.7132933139801025 0.0475429929792881 0.17329584062099457
0 0.030787264928221703 0.5805560350418091 0.061185576021671295 0.13622398674488068
0 0.6311019062995911 0.730546236038208 0.055140938609838486 0.17795875668525696
0 0.11645481735467911 0.6401739120483398 0.04120058938860893 0.15514959394931793
0 0.7576985955238342 0.7058316469192505 0.03541698306798935 0.15006408095359802
