0 0.9250631928443909 0.4900311827659607 0.11300162971019745 0.3573300540447235
0 0.18363085389137268 0.567905843257904 0.12130441516637802 0.39091911911964417
0 0.37901490926742554 0.5640385746955872 0.12371482700109482 0.39994290471076965
0 0.0418422669172287 0.8453292846679688 0.0836845338344574 0.3093414306640625
0 0.8706029057502747 0.15749970078468323 0.09417171776294708 0.3149459958076477
0 0.08278746902942657 0.46345940232276917 0.11280717700719833 0.29967382550239563
0 0.7136690616607666 0.47433826327323914 0.1342320740222931 0.36042532324790955
0 0.772107720375061 0.19207313656806946 0.10388685762882233 0.2966362535953522
0 0.556629478931427 0.43799126148223877 0.08666979521512985 0.33924782276153564
0 0.6518653631210327 0.31992748379707336 0.0904308333992958 0.3415611982345581
0 0.27113932371139526 0.3435854911804199 0.09819992631673813 0.3540797233581543
0 0.46040648221969604 0.3308655321598053 0.09052391350269318 0.3475605547428131
0 0.9794464111328125 0.7173274755477905 0.040866851806640625 0.278533399105072
0 0.5339199304580688 0.1306837499141693 0.08831154555082321 0.2613674998283386
0 0.9376947283744812 0.2972123622894287 0.0887657180428505 0.17462806403636932
0 0.2084396332502365 0.10999707877635956 0.07063274085521698 0.21999415755271912
0 0.038731951266527176 0.5244733095169067 0.07729392498731613 0.3221800625324249
0 0.33219417929649353 0.1570841521024704 0.06927375495433807 0.2383602112531662
0 0.6258906126022339 0.17360003292560577 0.08829822391271591 0.2726219892501831
0 0.4178905487060547 0.22153371572494507 0.06253837049007416 0.33840763568878174
0 0.9610978364944458 0.1765601634979248 0.0770174041390419 0.2846240699291229
0 0.5942797064781189 0.15410444140434265 0.0975508987903595 0.3001500070095062
0 0.014945373870432377 0.10106243193149567 0.02982923574745655 0.20031246542930603
