0 0.7103134393692017 0.867565929889679 0.06480645388364792 0.06485404819250107
0 0.06674275547266006 0.2173597514629364 0.03090819902718067 0.043092917650938034
0 0.6699564456939697 0.9464231729507446 0.06021863967180252 0.062221527099609375
0 0.11489181965589523 0.8131760954856873 0.05868896096944809 0.05708395689725876
0 0.5293357372283936 0.40426722168922424 0.03854997456073761 0.03610553592443466
0 0.8471143841743469 0.2175404578447342 0.03710700199007988 0.036310385912656784
0 0.3533291220664978 0.3811371624469757 0.02409769780933857 0.04250478744506836
0 0.8496734499931335 0.936834990978241 0.05152774229645729 0.05954628065228462
0 0.5727700591087341 0.8700815439224243 0.05178070068359375 0.04630928114056587
0 0.7501697540283203 0.3932245671749115 0.03398827463388443 0.04270629957318306
0 0.801711916923523 0.9421853423118591 0.05514848604798317 0.05545215681195259
0 0.6225966811180115 0.8357048034667969 0.04497765377163887 0.04123420640826225
0 0.6348244547843933 0.3946881890296936 0.02946336567401886 0.041935283690690994
0 0.4547252058982849 0.6751696467399597 0.05105350539088249 0.06107546389102936
0 0.802675724029541 0.4934907853603363 0.0400916188955307 0.04700317233800888
0 0.3855943977832794 0.2005259245634079 0.027448950335383415 0.03912801668047905
0 0.24289612472057343 0.8030635714530945 0.07600224763154984 0.08571682125329971
0 0.7710892558097839 0.47590866684913635 0.04179619625210762 0.0460474006831646
0 0.15788091719150543 0.8011347055435181 0.044748347252607346 0.05048026889562607
0 0.7318702340126038 0.444915771484375 0.03899196907877922 0.04818687587976456
0 0.7947040796279907 0.2779749035835266 0.02869805321097374 0.03685646131634712
