0 0.15776684880256653 0.8277455568313599 0.15794844925403595 0.3369286060333252
0 0.8145883679389954 0.8503002524375916 0.21786656975746155 0.29882845282554626
0 0.6349058747291565 0.8132424354553223 0.09261302649974823 0.37061071395874023
0 0.049119628965854645 0.8337486982345581 0.08644988387823105 0.3285349905490875
0 0.5011330842971802 0.8362398743629456 0.08355216681957245 0.3197128176689148
0 0.553345799446106 0.8222973346710205 0.07225418090820312 0.35258591175079346
0 0.9474679827690125 0.8626339435577393 0.10454635322093964 0.2737303078174591
0 0.3246493935585022 0.8327842950820923 0.13693943619728088 0.3321436643600464
0 0.019813429564237595 0.8526235222816467 0.03940168395638466 0.2870890200138092
0 0.277994304895401 0.8361654281616211 0.07851485908031464 0.32468414306640625
0 0.7249881029129028 0.8788468837738037 0.09758605808019638 0.23923508822917938
0 0.19536232948303223 0.6767877340316772 0.0501493439078331 0.1921636015176773
0 0.43261879682540894 0.8822275996208191 0.09673938900232315 0.23366259038448334
0 0.7119282484054565 0.819592297077179 0.09953717887401581 0.27412381768226624
0 0.44236427545547485 0.7507168054580688 0.06418104469776154 0.2584854066371918
0 0.29577741026878357 0.6128291487693787 0.03297386318445206 0.1289816051721573
0 0.6907799243927002 0.7119885683059692 0.049699973315000534 0.13627776503562927
0 0.8087765574455261 0.6558578014373779 0.06805439293384552 0.16344325244426727
