0 0.7352516651153564 0.8758593797683716 0.13185158371925354 0.24817250669002533
0 0.8552287817001343 0.6994279026985168 0.1292247772216797 0.3374977111816406
0 0.6723507642745972 0.5391921997070312 0.11557681113481522 0.39528536796569824
0 0.9415906667709351 0.5210689902305603 0.08320312201976776 0.3626954257488251
0 0.18183746933937073 0.7158126831054688 0.1138593852519989 0.42487436532974243
0 0.2733117341995239 0.8127694129943848 0.12341216206550598 0.3706144690513611
0 0.4447854161262512 0.8705912232398987 0.12489261478185654 0.257280558347702
0 0.5498968362808228 0.2162322998046875 0.08466453850269318 0.3211587071418762
0 0.5024698972702026 0.8341983556747437 0.10576371848583221 0.3268774151802063
0 0.02961066924035549 0.14111700654029846 0.05914855748414993 0.2822340130805969
0 0.05799299478530884 0.6370598077774048 0.11598598957061768 0.42616716027259827
0 0.8492897152900696 0.316039502620697 0.09525223076343536 0.32460853457450867
0 0.08319605886936188 0.3426491916179657 0.09454943239688873 0.34503287076950073
0 0.2720571756362915 0.19524866342544556 0.09071119874715805 0.22881639003753662
0 0.8226736783981323 0.15536148846149445 0.0742708221077919 0.3107229769229889
0 0.18737493455410004 0.2539079785346985 0.09264989197254181 0.2578817307949066
0 0.7637130618095398 0.3649570941925049 0.09057655185461044 0.3449312746524811
0 0.08832547068595886 0.10614382475614548 0.08851788192987442 0.2121712565422058
0 0.45338672399520874 0.6425837874412537 0.08516178280115128 0.23824018239974976
0 0.46998482942581177 0.4786827862262726 0.1204233169555664 0.30072516202926636
0 0.303567498922348 0.6410606503486633 0.1489250212907791 0.3276270627975464
0 0.37703418731689453 0.5936959385871887 0.10146026313304901 0.3383070230484009
0 0.6922693848609924 0.11857828497886658 0.08825359493494034 0.23715656995773315
0 0.6359602808952332 0.298925518989563 0.09495735168457031 0.2512284517288208
0 0.9447134733200073 0.1954910308122635 0.07914333045482635 0.3332797884941101
0 0.4301348626613617 0.3292410671710968 0.08386039733886719 0.26670965552330017
0 0.9116170406341553 0.16303089261054993 0.06876964867115021 0.32606178522109985
0 0.2481800764799118 0.4355606436729431 0.10072536766529083 0.22560063004493713
0 0.4208003878593445 0.1550636887550354 0.07959064096212387 0.2071765959262848
