0 0.6983228325843811 0.647017240524292 0.04473133012652397 0.165493905544281
0 0.15032343566417694 0.8088963031768799 0.0662708654999733 0.20768912136554718
0 0.035800863057374954 0.7927312254905701 0.06784970313310623 0.18788859248161316
0 0.8611952066421509 0.9522703289985657 0.07058601081371307 0.09391631931066513
0 0.5464711785316467 0.9301038980484009 0.0682884231209755 0.1397922933101654
0 0.8660935759544373 0.8647262454032898 0.0546480193734169 0.14636680483818054
0 0.6790538430213928 0.8237012028694153 0.058363087475299835 0.19472351670265198
0 0.6270933747291565 0.7414429783821106 0.04705219343304634 0.16156145930290222
0 0.5146501660346985 0.8483715653419495 0.0471845306456089 0.1823340505361557
0 0.6284077167510986 0.43690329790115356 0.03173790127038956 0.11183568835258484
0 0.08406221866607666 0.6643551588058472 0.06573783606290817 0.1431252360343933
0 0.02325928583741188 0.5908812284469604 0.043648768216371536 0.14785943925380707
0 0.7651036381721497 0.4118843376636505 0.03421611711382866 0.11153005063533783
0 0.18454958498477936 0.591925859451294 0.04303302615880966 0.13116556406021118
0 0.07358511537313461 0.5380191206932068 0.04115847498178482 0.12185847014188766
0 0.29156941175460815 0.33565017580986023 0.03127174451947212 0.11320915073156357
