0 0.3830486238002777 0.8572267889976501 0.031751345843076706 0.10790405422449112
0 0.70616215467453 0.576187252998352 0.0250066127628088 0.08503062278032303
0 0.3003772795200348 0.8186259865760803 0.026539770886301994 0.10351918637752533
0 0.4926348626613617 0.6489869356155396 0.019072150811553 0.08130823820829391
0 0.41508930921554565 0.8520137071609497 0.027062034234404564 0.10754496604204178
0 0.509471595287323 0.787639856338501 0.02357158623635769 0.09757868200540543
0 0.5560272336006165 0.775104284286499 0.022107888013124466 0.10232976078987122
0 0.6410536170005798 0.6905698180198669 0.0188432689756155 0.08938293159008026
0 0.6268762946128845 0.9485633969306946 0.04100818559527397 0.10140635073184967
0 0.6996258497238159 0.6897736191749573 0.026340357959270477 0.08403926342725754
0 0.6607372164726257 0.697596549987793 0.02583484724164009 0.10740606486797333
0 0.3335883319377899 0.8139676451683044 0.025351334363222122 0.06798502802848816
