0 0.7133010625839233 0.8911883234977722 0.05848102644085884 0.18740132451057434
0 0.8639461398124695 0.786846399307251 0.04614715650677681 0.17721658945083618
0 0.21411697566509247 0.6342254877090454 0.048241712152957916 0.17123128473758698
0 0.16838979721069336 0.6450387239456177 0.04452218860387802 0.17642338573932648
0 0.04756442829966545 0.7258164286613464 0.042350925505161285 0.17551061511039734
0 0.6273664236068726 0.7039268612861633 0.05870018154382706 0.1831672191619873
0 0.014582350850105286 0.7339143753051758 0.02916470170021057 0.19969609379768372
0 0.11286722868680954 0.629457414150238 0.04209945350885391 0.15247154235839844
0 0.28251412510871887 0.5991907715797424 0.05060892179608345 0.16674982011318207
0 0.07972928136587143 0.6484931707382202 0.03852695971727371 0.15414603054523468
0 0.729073166847229 0.6405670046806335 0.046523284167051315 0.1780237853527069
0 0.024043645709753036 0.5856812596321106 0.04808729141950607 0.14432615041732788
0 0.5475330352783203 0.6555993556976318 0.04710203781723976 0.15639109909534454
0 0.063909612596035 0.5558275580406189 0.05521199852228165 0.1692933440208435
