0 0.2123129516839981 0.8763370513916016 0.04825269803404808 0.06684494018554688
0 0.142220139503479 0.8733286261558533 0.05962672084569931 0.059079360216856
0 0.34744828939437866 0.3822777569293976 0.027528466656804085 0.04499406740069389
0 0.4498753845691681 0.9390622973442078 0.0658586323261261 0.06619109958410263
0 0.6709872484207153 0.9548459649085999 0.05771959200501442 0.06154002994298935
0 0.5752555727958679 0.8827888369560242 0.04670444130897522 0.05038871616125107
0 0.5271098017692566 0.40587693452835083 0.04065500944852829 0.03879136964678764
0 0.15534232556819916 0.23465624451637268 0.03349045664072037 0.04426288604736328
0 0.858217716217041 0.947343647480011 0.0509253591299057 0.05311470106244087
0 0.5943589806556702 0.20076462626457214 0.0282889474183321 0.03741483762860298
0 0.8017520904541016 0.9415444135665894 0.05501505360007286 0.055919647216796875
0 0.3038467466831207 0.22038869559764862 0.027680715546011925 0.03765048831701279
0 0.881155252456665 0.8529242277145386 0.06159905344247818 0.054785728454589844
0 0.5909020900726318 0.4368101954460144 0.03350592777132988 0.04695587232708931
0 0.41523200273513794 0.31238996982574463 0.02971920371055603 0.025205738842487335
