0 0.8638536334037781 0.786963164806366 0.05220336839556694 0.17423269152641296
0 0.16197451949119568 0.6843103766441345 0.0528995655477047 0.17963752150535583
0 0.6437170505523682 0.9350951313972473 0.05447610095143318 0.12817297875881195
0 0.20733056962490082 0.6773026585578918 0.05639185756444931 0.16853968799114227
0 0.03360037878155708 0.6734995245933533 0.0411137193441391 0.1602032482624054
0 0.24020953476428986 0.6245562434196472 0.0491633415222168 0.1661173552274704
0 0.11687031388282776 0.6762556433677673 0.046079207211732864 0.1676017791032791
0 0.7413806915283203 0.4512862265110016 0.03655090183019638 0.11769955605268478
0 0.7005465030670166 0.6711665391921997 0.05854072421789169 0.18485793471336365
0 0.061370182782411575 0.5380460023880005 0.047218676656484604 0.12989455461502075
0 0.6412972807884216 0.6278583407402039 0.04439372941851616 0.1437629759311676
