0 0.667698323726654 0.9351979494094849 0.06297226250171661 0.12803243100643158
0 0.39989763498306274 0.8291587233543396 0.038941286504268646 0.16969069838523865
0 0.6371163725852966 0.7879720330238342 0.04434935376048088 0.1609247773885727
0 0.07566413283348083 0.7409045100212097 0.05033136531710625 0.18587087094783783
0 0.9325730204582214 0.9102491736412048 0.04704933241009712 0.1786796599626541
0 0.868399441242218 0.9208984375 0.055880356580019 0.1564590483903885
0 0.13155294954776764 0.7159407138824463 0.04008311405777931 0.17480087280273438
0 0.593280553817749 0.6464583277702332 0.037454985082149506 0.12684962153434753
0 0.19980859756469727 0.5413676500320435 0.03155512735247612 0.12181015312671661
0 0.1730877310037613 0.5667740106582642 0.031813669949769974 0.11486820876598358
0 0.2874828279018402 0.6473314762115479 0.02706887014210224 0.11855748295783997
0 0.7414193749427795 0.8542531132698059 0.050774574279785156 0.15018793940544128
0 0.7610856890678406 0.906376302242279 0.08463020622730255 0.18343327939510345
0 0.10257420688867569 0.5469131469726562 0.031090259552001953 0.1221005767583847
0 0.6357101798057556 0.5804006457328796 0.03190752491354942 0.1540985107421875
0 0.05851178243756294 0.5457962155342102 0.034522268921136856 0.11940078437328339
0 0.23158030211925507 0.5929686427116394 0.0352361686527729 0.13275578618049622
