0 0.4499033987522125 0.8137252926826477 0.11978397518396378 0.371337354183197
0 0.23561431467533112 0.7661725282669067 0.1402050405740738 0.37962770462036133
0 0.8652569055557251 0.42098966240882874 0.11552505195140839 0.3440832793712616
0 0.6737317442893982 0.6800650954246521 0.11597277224063873 0.34899112582206726
0 0.9552609920501709 0.7715736627578735 0.08898601680994034 0.4562603831291199
0 0.7228653430938721 0.2648259699344635 0.05900611728429794 0.3272879421710968
0 0.5895603895187378 0.8546150922775269 0.10347060859203339 0.28963160514831543
0 0.12215077131986618 0.8024452924728394 0.12423942238092422 0.388683021068573
0 0.7700410485267639 0.2320716828107834 0.06823901832103729 0.3093867003917694
0 0.28918036818504333 0.5598049759864807 0.11977790296077728 0.39913007616996765
0 0.581839919090271 0.620911717414856 0.08819961547851562 0.31266161799430847
0 0.3234873116016388 0.3858950436115265 0.0822439193725586 0.33918431401252747
0 0.1962253600358963 0.42586758732795715 0.1184564083814621 0.32505911588668823
0 0.9372891783714294 0.27828142046928406 0.0800386443734169 0.39461344480514526
0 0.9343563318252563 0.32836323976516724 0.0744243636727333 0.2946949303150177
0 0.14552663266658783 0.7364258766174316 0.09885001182556152 0.4036930799484253
0 0.1614716500043869 0.1881057322025299 0.08076462149620056 0.3033815324306488
0 0.6643304228782654 0.432356595993042 0.11373742669820786 0.3312211334705353
0 0.5112682580947876 0.20065729320049286 0.08188171684741974 0.2100515514612198
0 0.5713607668876648 0.36976614594459534 0.06910057365894318 0.2286730259656906
0 0.5918149948120117 0.26115113496780396 0.1026512160897255 0.26875367760658264
