0 0.6599807143211365 0.9530864953994751 0.06108245998620987 0.05921974033117294
0 0.7115731239318848 0.8701944351196289 0.05815327912569046 0.059239961206912994
0 0.8523964881896973 0.9360212683677673 0.05270453542470932 0.05417442321777344
0 0.3401799499988556 0.3747473955154419 0.0311448834836483 0.046662744134664536
0 0.7793518900871277 0.9234494566917419 0.06740672141313553 0.0602811798453331
0 0.26839956641197205 0.24016055464744568 0.02897525392472744 0.038951970636844635
0 0.7314825057983398 0.8147646188735962 0.05690307542681694 0.059792328625917435
0 0.5873396396636963 0.8939096331596375 0.04975518211722374 0.04523010179400444
0 0.22918851673603058 0.22955776751041412 0.027826817706227303 0.04239024966955185
0 0.5087373852729797 0.9046937823295593 0.04534708708524704 0.05049324035644531
0 0.6242779493331909 0.3815475404262543 0.02880452387034893 0.031465910375118256
0 0.11056576669216156 0.8004567623138428 0.11259564012289047 0.0887765884399414
0 0.5221513509750366 0.39805224537849426 0.03331264853477478 0.03620968014001846
0 0.6654034852981567 0.4689551293849945 0.039449337869882584 0.04749736934900284
