0 0.39037400484085083 0.7912559509277344 0.16810649633407593 0.3793698251247406
0 0.894997239112854 0.8196282982826233 0.15440520644187927 0.35928481817245483
0 0.7702378630638123 0.538820207118988 0.11070003360509872 0.35812488198280334
0 0.8207324743270874 0.2647404670715332 0.11514129489660263 0.31169548630714417
0 0.42574557662010193 0.4464007019996643 0.11118682473897934 0.36866888403892517
0 0.9034824967384338 0.5177311301231384 0.1099063903093338 0.3567012846469879
0 0.5797444581985474 0.42895156145095825 0.1147741973400116 0.34037116169929504
0 0.12416664510965347 0.5394546389579773 0.13714472949504852 0.3793353736400604
0 0.03833784908056259 0.4433881938457489 0.07664192467927933 0.34892261028289795
0 0.1555532068014145 0.4966048002243042 0.08087582886219025 0.33079326152801514
0 0.9162523150444031 0.29802119731903076 0.09400062263011932 0.28286972641944885
0 0.5096147656440735 0.36706480383872986 0.08140579611063004 0.3344884216785431
0 0.8163866400718689 0.06771830469369888 0.07042846828699112 0.13507255911827087
0 0.8763347864151001 0.04050701484084129 0.05977211147546768 0.07966610789299011
0 0.3075191080570221 0.4515295624732971 0.09842656552791595 0.3485115170478821
0 0.6471459269523621 0.09938576817512512 0.0818607360124588 0.19877153635025024
0 0.2547887861728668 0.38282716274261475 0.07551639527082443 0.3219397962093353
0 0.9791650772094727 0.3212137818336487 0.04115142673254013 0.28796684741973877
0 0.6794596910476685 0.9857774376869202 0.05075391009449959 0.027441151440143585
0 0.2564225196838379 0.12281519919633865 0.05903118476271629 0.21635156869888306
0 0.1766405999660492 0.3858359754085541 0.09018432348966599 0.32141029834747314
0 0.44400790333747864 0.10564018040895462 0.07085685431957245 0.21128036081790924
0 0.7063252329826355 0.07672079652547836 0.05986671522259712 0.15344159305095673
0 0.5679718255996704 0.1489058881998062 0.08228356391191483 0.19551965594291687
