0 0.8995328545570374 0.43860092759132385 0.026755714789032936 0.08753763884305954
0 0.4935595691204071 0.6502159237861633 0.06176109239459038 0.1876634806394577
0 0.3267919421195984 0.536833643913269 0.038048744201660156 0.11610361933708191
0 0.8601166009902954 0.5377617478370667 0.04898490756750107 0.15243415534496307
0 0.7721388339996338 0.3395635485649109 0.02139263227581978 0.07474301755428314
0 0.8350793719291687 0.6297454833984375 0.04098052904009819 0.10549163818359375
0 0.7829850316047668 0.623016893863678 0.05111910402774811 0.13327458500862122
0 0.8190290331840515 0.5466698408126831 0.03615722805261612 0.11508242040872574
0 0.4342808723449707 0.6347603797912598 0.0679231658577919 0.1890319436788559
0 0.7925663590431213 0.4206748902797699 0.023273468017578125 0.08423258364200592
0 0.6654983758926392 0.6808645725250244 0.07446702569723129 0.11473668366670609
