0 0.4655618667602539 0.8345057368278503 0.17022797465324402 0.3276875913143158
0 0.7336851954460144 0.7634007930755615 0.10166772454977036 0.41794586181640625
0 0.3340984880924225 0.6583718657493591 0.10398327559232712 0.3653511106967926
0 0.847570538520813 0.8346282839775085 0.09990672767162323 0.32969775795936584
0 0.945477306842804 0.4610770046710968 0.10545234382152557 0.38111352920532227
0 0.47532710433006287 0.3586508333683014 0.10580416023731232 0.35822558403015137
0 0.9024680852890015 0.1926802694797516 0.10315819084644318 0.31403854489326477
0 0.49461185932159424 0.6748953461647034 0.08806963264942169 0.3267463743686676
0 0.658859372138977 0.2822508215904236 0.1208810806274414 0.35009366273880005
0 0.7499463558197021 0.3576466143131256 0.1315191239118576 0.33557382225990295
0 0.6445379257202148 0.5927252769470215 0.13552550971508026 0.32066598534584045
0 0.10860025882720947 0.8875816464424133 0.1384863704442978 0.2221425324678421
0 0.21163566410541534 0.9249542355537415 0.13387741148471832 0.1495717316865921
0 0.7413855195045471 0.13682712614536285 0.08490371704101562 0.2736542522907257
0 0.2246115505695343 0.5397719144821167 0.11808684468269348 0.3422284424304962
0 0.29329779744148254 0.260434627532959 0.0993005558848381 0.3201970160007477
0 0.0884757712483406 0.6145098209381104 0.17684990167617798 0.29975590109825134
0 0.10947620868682861 0.3965369760990143 0.099282406270504 0.32826605439186096
0 0.05357181280851364 0.6083123683929443 0.10714362561702728 0.28463873267173767
0 0.453645795583725 0.21751965582370758 0.08635692298412323 0.31734928488731384
0 0.3957009017467499 0.29844236373901367 0.08461637794971466 0.3174407482147217
0 0.31210651993751526 0.05961480736732483 0.07427434623241425 0.11922961473464966
0 0.8531599640846252 0.5650650858879089 0.10805054008960724 0.33797284960746765
0 0.14395688474178314 0.22422726452350616 0.09705006331205368 0.2872110903263092
0 0.3417576849460602 0.48144903779029846 0.06826134026050568 0.2131555825471878
0 0.6536831259727478 0.15760867297649384 0.11171531677246094 0.1980317234992981
0 0.046822547912597656 0.13398143649101257 0.0936037078499794 0.26579582691192627
0 0.11837533116340637 0.4980626404285431 0.12040865421295166 0.5238486528396606
0 0.05420178174972534 0.8234626650810242 0.10840356349945068 0.25826314091682434
0 0.8263706564903259 0.24569088220596313 0.08938674628734589 0.3110392391681671
0 0.2703448534011841 0.4225011169910431 0.07419939339160919 0.31176507472991943
0 0.820740282535553 0.06689517945051193 0.05120563507080078 0.13379035890102386
0 0.03182733431458473 0.13354066014289856 0.06365466862916946 0.2670813202857971
0 0.026528578251600266 0.4095250368118286 0.05305715650320053 0.3507736325263977
