0 0.3305419981479645 0.5514167547225952 0.08872699737548828 0.21849671006202698
0 0.5008565783500671 0.5456370711326599 0.08421532064676285 0.2140476256608963
0 0.05406813696026802 0.11226192116737366 0.07122950255870819 0.20932795107364655
0 0.13886421918869019 0.1544148325920105 0.08125671744346619 0.23761935532093048
0 0.4024185836315155 0.31112760305404663 0.07647581398487091 0.1918589025735855
0 0.4733027517795563 0.10305234789848328 0.041783712804317474 0.13121868669986725
0 0.09949663281440735 0.37537094950675964 0.12878869473934174 0.252694696187973
0 0.23917268216609955 0.24828565120697021 0.1001066043972969 0.1643066704273224
0 0.4394778311252594 0.0934862345457077 0.031334687024354935 0.10320550948381424
0 0.3126228153705597 0.28217649459838867 0.1008874922990799 0.14719626307487488
0 0.539176344871521 0.9470967650413513 0.11022888869047165 0.1050516739487648
