0 0.6700847744941711 0.9261817932128906 0.06215858459472656 0.146565243601799
0 0.9501930475234985 0.7937237024307251 0.09504814445972443 0.26396864652633667
0 0.3139287829399109 0.9167957901954651 0.07858800888061523 0.16519911587238312
0 0.09912964701652527 0.682059109210968 0.05766308307647705 0.15807367861270905
0 0.4154633581638336 0.856660783290863 0.04450855404138565 0.1944328248500824
0 0.24381621181964874 0.9085227251052856 0.06970976293087006 0.18210271000862122
0 0.30986693501472473 0.650994598865509 0.04164428636431694 0.13791999220848083
0 0.6887726187705994 0.5951817631721497 0.030509185045957565 0.12280667573213577
0 0.3666175901889801 0.7858630418777466 0.04380989074707031 0.17094650864601135
0 0.15749911963939667 0.9313117265701294 0.07130932807922363 0.13646215200424194
0 0.03033631481230259 0.5407941341400146 0.04141365364193916 0.13416290283203125
0 0.12308201938867569 0.5748963952064514 0.04697555676102638 0.13029353320598602
0 0.7463918924331665 0.8020444512367249 0.05534972995519638 0.16467081010341644
0 0.4649668037891388 0.7304300665855408 0.053392983973026276 0.14529851078987122
0 0.513309121131897 0.5646755695343018 0.028564071282744408 0.1164039596915245
0 0.9078391790390015 0.9776719808578491 0.0530889518558979 0.043731942772865295
0 0.37812525033950806 0.9685592651367188 0.041847895830869675 0.06198272854089737
0 0.5994220972061157 0.5506292581558228 0.03385047987103462 0.1418130248785019
0 0.7016589045524597 0.7279630899429321 0.06268310546875 0.17218004167079926
