0 0.7672817707061768 0.8230470418930054 0.18351316452026367 0.3534949719905853
0 0.03868038207292557 0.8358007073402405 0.07736076414585114 0.32362228631973267
0 0.1464555561542511 0.8212683796882629 0.1096876859664917 0.34952735900878906
0 0.5898770093917847 0.8525822162628174 0.13719654083251953 0.2884509563446045
0 0.49766093492507935 0.8382493853569031 0.09679603576660156 0.3127492368221283
0 0.8994858860969543 0.8313604593276978 0.15726223587989807 0.33437415957450867
0 0.40534502267837524 0.879776656627655 0.11077060550451279 0.23845994472503662
0 0.2975881099700928 0.8356885313987732 0.14948120713233948 0.3280668556690216
0 0.43348321318626404 0.7606737017631531 0.06839273124933243 0.2739047110080719
0 0.20583248138427734 0.6878252625465393 0.05304098129272461 0.1781299114227295
0 0.1172368973493576 0.7827721238136292 0.08428488671779633 0.3967972993850708
0 0.9617366790771484 0.8112242817878723 0.07559623569250107 0.368508905172348
