0 0.9478704333305359 0.7203049659729004 0.10318183898925781 0.4108022153377533
0 0.6117296814918518 0.557689905166626 0.17337942123413086 0.3608149290084839
0 0.7469266057014465 0.7794329524040222 0.16523608565330505 0.3355567455291748
0 0.3369062840938568 0.7084400057792664 0.12710419297218323 0.4247835874557495
0 0.21774213016033173 0.5195735692977905 0.140510693192482 0.37674644589424133
0 0.5309619903564453 0.4282371997833252 0.13776908814907074 0.3426785469055176
0 0.06056723743677139 0.31677794456481934 0.12113447487354279 0.3379632234573364
0 0.044493742287158966 0.6475340127944946 0.08898748457431793 0.37839096784591675
0 0.8187772035598755 0.22584021091461182 0.07723166048526764 0.31192439794540405
0 0.13338123261928558 0.7109102010726929 0.1280408799648285 0.35292306542396545
0 0.3437906503677368 0.4113297462463379 0.08048496395349503 0.32753029465675354
0 0.8670612573623657 0.46887630224227905 0.11098365485668182 0.33876949548721313
0 0.3595455288887024 0.22573502361774445 0.0847194641828537 0.3017098605632782
0 0.43985435366630554 0.23865258693695068 0.06684350967407227 0.2954408526420593
0 0.5875910520553589 0.11126676201820374 0.09259846806526184 0.22253352403640747
0 0.9413933157920837 0.40355241298675537 0.10765304416418076 0.31379902362823486
0 0.6689379811286926 0.33269473910331726 0.09389559179544449 0.32884708046913147
0 0.7343443632125854 0.2385791838169098 0.07770442962646484 0.323569655418396
0 0.5654887557029724 0.24634094536304474 0.10640322417020798 0.333210825920105
0 0.25133517384529114 0.11264050006866455 0.0968797504901886 0.22505435347557068
0 0.06529523432254791 0.14909477531909943 0.06721554696559906 0.2906510531902313
0 0.2258436232805252 0.2396283745765686 0.10389825701713562 0.26973575353622437
0 0.9306557774543762 0.2148052603006363 0.06622104346752167 0.2772517204284668
0 0.13614393770694733 0.21964628994464874 0.09156467020511627 0.28012144565582275
0 0.7776818871498108 0.07505825161933899 0.08338076621294022 0.15011650323867798
0 0.1314726322889328 0.07832388579845428 0.07319922000169754 0.13633222877979279
0 0.02330992929637432 0.31540146470069885 0.04661835730075836 0.3362683653831482
