0 0.45308253169059753 0.7958885431289673 0.1417471319437027 0.4072720408439636
0 0.6104202270507812 0.5760431885719299 0.14043769240379333 0.327667236328125
0 0.7838342785835266 0.8795298337936401 0.10176239162683487 0.24094025790691376
0 0.3527337908744812 0.6413009762763977 0.13136664032936096 0.3777729868888855
0 0.7883792519569397 0.5384500026702881 0.12058576196432114 0.3366645872592926
0 0.9317560195922852 0.8597386479377747 0.13559111952781677 0.2801661193370819
0 0.1742665320634842 0.7360153198242188 0.12700530886650085 0.35757315158843994
0 0.9583078026771545 0.5858101844787598 0.08288516849279404 0.341319739818573
0 0.06333664804697037 0.6565862894058228 0.12667329609394073 0.3514809012413025
0 0.7168964743614197 0.35797005891799927 0.12640215456485748 0.351394385099411
0 0.865822970867157 0.4439660906791687 0.0696922317147255 0.3369121551513672
0 0.502916157245636 0.44974276423454285 0.1137469932436943 0.3407348692417145
0 0.07649625837802887 0.1124580055475235 0.08329350501298904 0.224916011095047
0 0.8977472186088562 0.2229347676038742 0.05824432522058487 0.23876819014549255
0 0.05756120756268501 0.3239712119102478 0.10219340026378632 0.332109272480011
0 0.9363511800765991 0.11235420405864716 0.05779914930462837 0.2247084081172943
0 0.7715069651603699 0.19291606545448303 0.07284202426671982 0.2665444016456604
0 0.8307266235351562 0.15479806065559387 0.06961365044116974 0.29073551297187805
0 0.3289545178413391 0.4012410342693329 0.07367315143346786 0.2363816350698471
0 0.05816945061087608 0.8677172064781189 0.11600825190544128 0.26293081045150757
0 0.3313688635826111 0.2292850911617279 0.07129071652889252 0.2290252298116684
0 0.26654860377311707 0.11798542737960815 0.07524522393941879 0.2359708547592163
0 0.2334854155778885 0.28838399052619934 0.08172615617513657 0.31449902057647705
