0 0.24735598266124725 0.8334101438522339 0.14197282493114471 0.3322550356388092
0 0.7390652894973755 0.5744907855987549 0.15913105010986328 0.3496953248977661
0 0.49165764451026917 0.7640673518180847 0.15384025871753693 0.3322369456291199
0 0.9345113635063171 0.896008312702179 0.13000717759132385 0.2067393809556961
0 0.812303900718689 0.8798806071281433 0.14296728372573853 0.2393702119588852
0 0.6598416566848755 0.3918761909008026 0.16510486602783203 0.30662986636161804
0 0.8148483037948608 0.33497509360313416 0.10941390693187714 0.31540778279304504
0 0.48400089144706726 0.1791982650756836 0.07818994671106339 0.31671687960624695
0 0.9249829649925232 0.5920854210853577 0.09439869225025177 0.37188491225242615
0 0.9333421587944031 0.051914479583501816 0.0688629150390625 0.10382895916700363
0 0.3263571560382843 0.42423179745674133 0.11800295859575272 0.3525262475013733
0 0.8907526731491089 0.366666316986084 0.07994403690099716 0.3570672869682312
0 0.5638716220855713 0.18861384689807892 0.08283738791942596 0.3038148880004883
0 0.41941606998443604 0.10108812153339386 0.08052615821361542 0.20217624306678772
0 0.034872692078351974 0.35713890194892883 0.06974538415670395 0.4689449369907379
0 0.615426242351532 0.09549085795879364 0.07864990085363388 0.19098171591758728
0 0.13049665093421936 0.4379611909389496 0.11219552904367447 0.3402450680732727
0 0.7973858714103699 0.12812384963035583 0.05434875562787056 0.25624769926071167
0 0.4332064986228943 0.27154138684272766 0.11792831122875214 0.21536295115947723
0 0.24066276848316193 0.18828079104423523 0.09160399436950684 0.35203883051872253
0 0.15120859444141388 0.11620834469795227 0.09194469451904297 0.23151086270809174
0 0.7527400851249695 0.21906055510044098 0.06111335754394531 0.3328053057193756
0 0.9819351434707642 0.5083103775978088 0.03567657619714737 0.2853633463382721
0 0.32293739914894104 0.1737556755542755 0.07152070850133896 0.2887647747993469
0 0.7084817290306091 0.2660561800003052 0.07581119239330292 0.27964428067207336
0 0.41310063004493713 0.5946269631385803 0.11647824943065643 0.34974056482315063
