0 0.25434428453445435 0.9018763303756714 0.14813373982906342 0.19487279653549194
0 0.9173449277877808 0.8247628211975098 0.13580989837646484 0.3447636365890503
0 0.5887503027915955 0.8296452760696411 0.1499696671962738 0.33899688720703125
0 0.1281682401895523 0.8558962345123291 0.13109439611434937 0.28697457909584045
0 0.6400899887084961 0.26774710416793823 0.11149673163890839 0.3539838492870331
0 0.2133767157793045 0.2222174108028412 0.12136001884937286 0.29166874289512634
0 0.4242989718914032 0.6973734498023987 0.0901341438293457 0.3664758801460266
0 0.7193877100944519 0.2637788951396942 0.1273076981306076 0.31537821888923645
0 0.7438034415245056 0.5911141037940979 0.11679649353027344 0.32465696334838867
0 0.3540182113647461 0.4470530152320862 0.0971597358584404 0.33065006136894226
0 0.8084338903427124 0.7341570258140564 0.12571755051612854 0.41555315256118774
0 0.47114163637161255 0.26989543437957764 0.08566446602344513 0.3545643985271454
0 0.28445130586624146 0.5613760948181152 0.08101046830415726 0.34409213066101074
0 0.0653858408331871 0.08669575303792953 0.07482964545488358 0.17339150607585907
0 0.18073636293411255 0.6180509924888611 0.1701960265636444 0.3839368224143982
0 0.38989144563674927 0.10876519232988358 0.0636822059750557 0.2171383500099182
0 0.25723588466644287 0.05303582549095154 0.052760157734155655 0.10607165098190308
0 0.4251238703727722 0.33251896500587463 0.08259811252355576 0.3832939565181732
0 0.12953521311283112 0.13111652433872223 0.07877099514007568 0.2616027295589447
0 0.06659325957298279 0.4357876181602478 0.09070885926485062 0.3278265595436096
0 0.807543158531189 0.34601372480392456 0.09814663231372833 0.29731273651123047
0 0.9389821887016296 0.5727043151855469 0.08940239250659943 0.32802021503448486
0 0.678225576877594 0.047375742346048355 0.07771873474121094 0.09475148469209671
0 0.870342493057251 0.2181812971830368 0.07961712032556534 0.3281322419643402
0 0.8228904604911804 0.708928108215332 0.09740111231803894 0.3636948764324188
0 0.5832837224006653 0.6325253844261169 0.07618160545825958 0.21819987893104553
0 0.9719617962837219 0.14570331573486328 0.05513496324419975 0.2255406677722931
0 0.5930657982826233 0.6935247182846069 0.10026849061250687 0.34266313910484314
0 0.7831772565841675 0.11502417176961899 0.06892776489257812 0.23004834353923798
0 0.016750363633036613 0.6698617339134216 0.033423010259866714 0.2700101137161255
