0 0.5139141082763672 0.7922549843788147 0.1795940399169922 0.41496405005455017
0 0.66389399766922 0.8741865158081055 0.11045704036951065 0.2506871521472931
0 0.8128901124000549 0.5487264394760132 0.14271526038646698 0.39326027035713196
0 0.9337664246559143 0.2933555841445923 0.13152866065502167 0.33577588200569153
0 0.27268409729003906 0.6863812804222107 0.15019825100898743 0.39705708622932434
0 0.05477737635374069 0.9421025514602661 0.10955475270748138 0.11511687934398651
0 0.4316568374633789 0.1806928664445877 0.10174636542797089 0.33732059597969055
0 0.30698662996292114 0.19533178210258484 0.08238830417394638 0.2852597236633301
0 0.549349844455719 0.29296010732650757 0.12213001400232315 0.35195857286453247
0 0.45269516110420227 0.6191799640655518 0.11668405681848526 0.33901074528694153
0 0.71964430809021 0.4322216808795929 0.12643107771873474 0.3578462302684784
0 0.12364541739225388 0.49682435393333435 0.09663616865873337 0.325910747051239
0 0.6283190250396729 0.6780709624290466 0.08389721065759659 0.3010459840297699
0 0.2477593868970871 0.9520314335823059 0.10887555778026581 0.09514821320772171
0 0.24008993804454803 0.1999443918466568 0.07146291434764862 0.3368230164051056
0 0.35898488759994507 0.5301566123962402 0.12471838295459747 0.34869185090065
0 0.20943263173103333 0.7892583012580872 0.10803065448999405 0.2489323914051056
0 0.7113004326820374 0.14552004635334015 0.09671230614185333 0.2910400927066803
0 0.19296076893806458 0.5253745913505554 0.07814812660217285 0.2791348695755005
0 0.6470066905021667 0.49918222427368164 0.09610100090503693 0.30611029267311096
0 0.3279474973678589 0.633269727230072 0.09793392568826675 0.31016185879707336
0 0.20058733224868774 0.31474828720092773 0.08564314991235733 0.2891116142272949
0 0.12511830031871796 0.31969040632247925 0.09740462154150009 0.16895224153995514
0 0.13473820686340332 0.24170862138271332 0.07507038116455078 0.2742328345775604
0 0.8060612082481384 0.32091444730758667 0.06632347404956818 0.21967481076717377
0 0.04064695164561272 0.2768152952194214 0.08118870854377747 0.36337941884994507
0 0.7772648930549622 0.19271793961524963 0.11251430213451385 0.3262307345867157
0 0.6771833300590515 0.2769280672073364 0.07489013671875 0.13509146869182587
0 0.19920417666435242 0.8332431316375732 0.14568345248699188 0.33194994926452637
0 0.9292105436325073 0.14481230080127716 0.11021099239587784 0.28906217217445374
0 0.45234671235084534 0.4519748389720917 0.09573707729578018 0.19065997004508972
