0 0.3764866590499878 0.8804036378860474 0.027765115723013878 0.1039087101817131
0 0.2983185946941376 0.8150896430015564 0.028855228796601295 0.10681915283203125
0 0.5125618577003479 0.793023943901062 0.021302605047822 0.09191334992647171
0 0.7064626812934875 0.5698142051696777 0.030868912115693092 0.08857548981904984
0 0.6579462885856628 0.6990517377853394 0.02458343468606472 0.10868313908576965
0 0.7002297639846802 0.6909551620483398 0.027315203100442886 0.08761490881443024
0 0.026081616058945656 0.529388964176178 0.02896043099462986 0.08319545537233353
0 0.492729514837265 0.6489725708961487 0.02058401145040989 0.07791099697351456
0 0.7717190980911255 0.5843552947044373 0.03062877617776394 0.08722864836454391
0 0.4689779281616211 0.6760082244873047 0.034789275377988815 0.10031916201114655
0 0.5589800477027893 0.8164796829223633 0.03127765655517578 0.11378860473632812
0 0.3542657792568207 0.7533271908760071 0.026446152478456497 0.09177419543266296
0 0.5503174662590027 0.7699854373931885 0.026000212877988815 0.08026733249425888
0 0.4061099886894226 0.8585183024406433 0.029805215075612068 0.10971476137638092
0 0.33310166001319885 0.8039740920066833 0.029245663434267044 0.09908218681812286
0 0.3325856626033783 0.813446044921875 0.023328209295868874 0.07910715788602829
