0 0.9333559274673462 0.8044451475143433 0.1317649781703949 0.39031341671943665
0 0.723311722278595 0.5318257808685303 0.16319027543067932 0.36267590522766113
0 0.8424803018569946 0.24516360461711884 0.10900916904211044 0.33486542105674744
0 0.41407451033592224 0.45950496196746826 0.10662250220775604 0.35576868057250977
0 0.3007403016090393 0.8058241009712219 0.1251826286315918 0.3837937116622925
0 0.5516537427902222 0.4289760887622833 0.14245443046092987 0.33041197061538696
0 0.8493667840957642 0.5178598761558533 0.12817707657814026 0.3626185953617096
0 0.2912435531616211 0.48423296213150024 0.1443040817975998 0.3626002073287964
0 0.08999726176261902 0.5579649806022644 0.10183026641607285 0.3860267698764801
0 0.9077014923095703 0.32491832971572876 0.09820441901683807 0.2871931195259094
0 0.6050033569335938 0.3709147572517395 0.07843132317066193 0.30259576439857483
0 0.8291332125663757 0.06585171818733215 0.08664512634277344 0.1308218240737915
0 0.9709278345108032 0.29049524664878845 0.05759258195757866 0.23433257639408112
0 0.14427010715007782 0.48767128586769104 0.09934040904045105 0.3299696445465088
0 0.19917920231819153 0.4086915850639343 0.08525433391332626 0.32006847858428955
0 0.6472146511077881 0.0970635712146759 0.08520755916833878 0.1941271424293518
0 0.9107881784439087 0.032902464270591736 0.0634254440665245 0.06580492854118347
0 0.6105102896690369 0.1722557693719864 0.0679115280508995 0.24638548493385315
0 0.03414331004023552 0.40677353739738464 0.06828662008047104 0.31186842918395996
0 0.526516318321228 0.27043360471725464 0.08545614778995514 0.17776870727539062
0 0.31627482175827026 0.36706361174583435 0.07670564949512482 0.3302859663963318
0 0.4064398407936096 0.1333312690258026 0.07972612231969833 0.2640630602836609
