0 0.7054174542427063 0.8606760501861572 0.17059651017189026 0.27741867303848267
0 0.14240507781505585 0.8257336020469666 0.11613798141479492 0.33457475900650024
0 0.038071226328611374 0.8348848223686218 0.07609491050243378 0.32680392265319824
0 0.771594226360321 0.8041972517967224 0.10146274417638779 0.3725268840789795
0 0.5928476452827454 0.8567696213722229 0.132197767496109 0.28529220819473267
0 0.9223262667655945 0.8167999982833862 0.09076499938964844 0.36467063426971436
0 0.8376808166503906 0.8059200644493103 0.08371200412511826 0.37489521503448486
0 0.2457122802734375 0.8445723652839661 0.0886511355638504 0.29773542284965515
0 0.48180216550827026 0.839693009853363 0.08923397213220596 0.31514349579811096
0 0.3016073703765869 0.8396472334861755 0.10622711479663849 0.31553345918655396
0 0.39081496000289917 0.8836990594863892 0.10932531207799911 0.22783780097961426
0 0.19799679517745972 0.7105246782302856 0.059102654457092285 0.1837899088859558
0 0.9836616516113281 0.8263441920280457 0.03210296481847763 0.34443581104278564
0 0.42173856496810913 0.7755944132804871 0.06888590008020401 0.2881351411342621
0 0.9795156717300415 0.8012369871139526 0.04056587070226669 0.3882926106452942
