0 0.6773053407669067 0.925964891910553 0.06252269446849823 0.14725671708583832
0 0.19361896812915802 0.8724266290664673 0.0626067966222763 0.2018030732870102
0 0.1614839881658554 0.7073043584823608 0.04470313340425491 0.14748963713645935
0 0.03325502201914787 0.5433080792427063 0.04067347198724747 0.1321392059326172
0 0.43438100814819336 0.6502729654312134 0.03137798234820366 0.13564500212669373
0 0.4538557827472687 0.8098890781402588 0.046971797943115234 0.1759437620639801
0 0.2336072027683258 0.5849810242652893 0.04339800029993057 0.1310681700706482
0 0.20065875351428986 0.5266271233558655 0.03145933151245117 0.12353058159351349
0 0.3690384328365326 0.679370105266571 0.04018643870949745 0.147990420460701
0 0.682607889175415 0.5763425230979919 0.039014626294374466 0.11110394448041916
0 0.2632201015949249 0.9421579837799072 0.049866724759340286 0.11498421430587769
0 0.5306907892227173 0.7532023787498474 0.03490502014756203 0.1414116770029068
0 0.11674416065216064 0.5162903666496277 0.023565005511045456 0.1137000173330307
0 0.28323549032211304 0.6248445510864258 0.04158186912536621 0.13977037370204926
0 0.5804331302642822 0.8493425250053406 0.08894424140453339 0.17523320019245148
0 0.42319393157958984 0.9328649044036865 0.04340868070721626 0.13427013158798218
0 0.7380420565605164 0.6294342279434204 0.029640769585967064 0.1215716078877449
0 0.641930878162384 0.6004543304443359 0.0290056224912405 0.11324615776538849
