0 0.7781442403793335 0.8136374354362488 0.1545114517211914 0.36664479970932007
0 0.03725569322705269 0.8288514018058777 0.07447618246078491 0.3392888307571411
0 0.1423761546611786 0.8203601241111755 0.11023984104394913 0.35453563928604126
0 0.8663779497146606 0.8146510720252991 0.10035686194896698 0.36444565653800964
0 0.30233532190322876 0.8376938700675964 0.11417865753173828 0.32004427909851074
0 0.5975004434585571 0.8340113162994385 0.12903490662574768 0.331432044506073
0 0.4857393205165863 0.8388944268226624 0.08687782287597656 0.3210742473602295
0 0.5476027727127075 0.8198699355125427 0.0846494659781456 0.3481971025466919
0 0.6470578908920288 0.9030020236968994 0.14487247169017792 0.19399601221084595
0 0.3913474678993225 0.8768272995948792 0.1125309020280838 0.24098782241344452
0 0.25072234869003296 0.8369008302688599 0.08420157432556152 0.3186120390892029
0 0.4256826341152191 0.7651792168617249 0.06674134731292725 0.2830808758735657
0 0.9804754257202148 0.8850950598716736 0.0380123145878315 0.2224595844745636
