0 0.7044199705123901 0.5752333402633667 0.02753124199807644 0.08849818259477615
0 0.3754616379737854 0.8531725406646729 0.03133230283856392 0.09816639870405197
0 0.516692578792572 0.7799485325813293 0.025682544335722923 0.10891164094209671
0 0.33362606167793274 0.8015236854553223 0.028374195098876953 0.09205703437328339
0 0.29990634322166443 0.8163479566574097 0.02769460715353489 0.10141322016716003
0 0.4926924705505371 0.6494549512863159 0.01957225799560547 0.08137474209070206
0 0.35232436656951904 0.7297777533531189 0.025999195873737335 0.08789261430501938
0 0.41482773423194885 0.8444883823394775 0.031356047838926315 0.09284244477748871
0 0.5561329126358032 0.7736997604370117 0.024365806952118874 0.10272547602653503
0 0.6585419774055481 0.6960409879684448 0.02302532270550728 0.10207545012235641
