0 0.15514402091503143 0.8306320309638977 0.11723451316356659 0.32419201731681824
0 0.7649126052856445 0.7989481687545776 0.09196891635656357 0.3920595049858093
0 0.047918207943439484 0.8367516398429871 0.07805389910936356 0.32273632287979126
0 0.6943860054016113 0.8916985988616943 0.16180458664894104 0.21142137050628662
0 0.8202207684516907 0.8019720911979675 0.07607503235340118 0.3940049409866333
0 0.2529192566871643 0.8465891480445862 0.08641252666711807 0.29484084248542786
0 0.315247505903244 0.8369984030723572 0.11390566825866699 0.3219395875930786
0 0.5966401100158691 0.8373293280601501 0.06873302161693573 0.32276034355163574
0 0.8783513903617859 0.8023659586906433 0.07292022556066513 0.3948017954826355
0 0.49527841806411743 0.8454867601394653 0.09005069732666016 0.30471071600914
0 0.40289217233657837 0.884581983089447 0.11257705837488174 0.2264934927225113
0 0.013440661132335663 0.8883243203163147 0.026870742440223694 0.21969705820083618
0 0.9277276992797852 0.9054579734802246 0.11952018737792969 0.1877531260251999
0 0.2093275785446167 0.7115695476531982 0.05720195919275284 0.1866750568151474
0 0.693753719329834 0.7264912724494934 0.05788898468017578 0.14187520742416382
0 0.4338354468345642 0.7781446576118469 0.0687098503112793 0.28956180810928345
0 0.35238227248191833 0.6933982968330383 0.062256623059511185 0.20889298617839813
