0 0.37849903106689453 0.8537341356277466 0.03144121170043945 0.10048650205135345
0 0.7059311270713806 0.576904296875 0.025592422112822533 0.08457489311695099
0 0.5346810221672058 0.8780760765075684 0.04120683670043945 0.11566264182329178
0 0.3006688058376312 0.8151480555534363 0.027839088812470436 0.10422185063362122
0 0.41510266065597534 0.8390493392944336 0.03334789350628853 0.09226735681295395
0 0.5212613940238953 0.7871997356414795 0.025694625452160835 0.10510559380054474
0 0.47308892011642456 0.7170896530151367 0.024591635912656784 0.0936058908700943
0 0.08467919379472733 0.4957888424396515 0.025210212916135788 0.09646784514188766
0 0.4187353849411011 0.9550520181655884 0.06980867683887482 0.08850326389074326
0 0.3333892226219177 0.8006627559661865 0.028807926923036575 0.08948414772748947
0 0.49317219853401184 0.6487635970115662 0.018025970086455345 0.07996228337287903
0 0.6991713047027588 0.6996014714241028 0.027604293078184128 0.10945180058479309
0 0.671526312828064 0.7056586146354675 0.021876906976103783 0.09520959109067917
