0 0.38030481338500977 0.853301465511322 0.03165588527917862 0.10313847661018372
0 0.33254921436309814 0.8010474443435669 0.02637999877333641 0.09438705444335938
0 0.4143112599849701 0.8446123003959656 0.03055877611041069 0.10215683281421661
0 0.7055162787437439 0.5761080980300903 0.02709979936480522 0.08482857048511505
0 0.30062782764434814 0.8187500238418579 0.028421243652701378 0.10696809738874435
0 0.5120124816894531 0.7844962477684021 0.022846603766083717 0.10095333307981491
0 0.4928779602050781 0.6491178870201111 0.019817542284727097 0.08096186071634293
0 0.6306561231613159 0.9172207117080688 0.030280303210020065 0.11917512863874435
0 0.6995754241943359 0.6894406080245972 0.02617054060101509 0.0846894159913063
0 0.610583484172821 0.9412857890129089 0.03823909908533096 0.10059509426355362
0 0.5557727217674255 0.7748531699180603 0.023826472461223602 0.10497020930051804
0 0.6602048277854919 0.6996996402740479 0.026830101385712624 0.10796988010406494
