0 0.7040748596191406 0.8267245888710022 0.15193518996238708 0.345906525850296
0 0.37102752923965454 0.9080433249473572 0.10958588868379593 0.18267279863357544
0 0.17686860263347626 0.8160042762756348 0.13267645239830017 0.36513617634773254
0 0.8667295575141907 0.5835265517234802 0.11947669833898544 0.3797595500946045
0 0.5317318439483643 0.5783177614212036 0.1149676963686943 0.3845474123954773
0 0.6809789538383484 0.6464564204216003 0.09503173828125 0.3857831358909607
0 0.9408265948295593 0.46489816904067993 0.11615066230297089 0.3376859128475189
0 0.22359010577201843 0.6781644821166992 0.12405608594417572 0.3526921272277832
0 0.07426842302083969 0.5072559714317322 0.07142198085784912 0.3562377095222473
0 0.03609643876552582 0.20884861052036285 0.07214609533548355 0.31346023082733154
0 0.048193883150815964 0.6823157668113708 0.09638776630163193 0.3777928650379181
0 0.820807695388794 0.2422049641609192 0.08715667575597763 0.29304829239845276
0 0.22479668259620667 0.2933022081851959 0.07632951438426971 0.2965579926967621
0 0.46796703338623047 0.4899880588054657 0.0725196823477745 0.3546231687068939
0 0.32696533203125 0.8282085061073303 0.09331954270601273 0.29934027791023254
0 0.4209387004375458 0.4114122986793518 0.08476237952709198 0.30813270807266235
0 0.7935262322425842 0.7471417188644409 0.0809595137834549 0.3422083556652069
0 0.6477959752082825 0.40115979313850403 0.10006046295166016 0.3289838135242462
0 0.3784218728542328 0.6910540461540222 0.0792667418718338 0.3124857544898987
0 0.31372496485710144 0.48566848039627075 0.09268881380558014 0.32170990109443665
0 0.7525902390480042 0.5309463739395142 0.08868662267923355 0.2558179199695587
0 0.16391998529434204 0.5473171472549438 0.06343697756528854 0.1698334962129593
0 0.5609544515609741 0.4331308901309967 0.129649356007576 0.34019702672958374
0 0.12078404426574707 0.7478360533714294 0.06263072788715363 0.32792481780052185
0 0.7585382461547852 0.33307042717933655 0.08795051276683807 0.26127663254737854
