0 0.5629952549934387 0.37388747930526733 0.053346823900938034 0.15782178938388824
0 0.16192945837974548 0.1927744746208191 0.05525493621826172 0.18962372839450836
0 0.7805874943733215 0.8706551194190979 0.14281336963176727 0.2573454976081848
0 0.2398606687784195 0.2395443618297577 0.06264404952526093 0.16992709040641785
0 0.473660409450531 0.10690765082836151 0.051093388348817825 0.13595901429653168
0 0.8383789658546448 0.05426531285047531 0.05757751315832138 0.10853062570095062
0 0.7136983275413513 0.09373390674591064 0.049132347106933594 0.1346207559108734
0 0.7828168869018555 0.8179569840431213 0.14197273552417755 0.1544918417930603
0 0.42900657653808594 0.34045127034187317 0.055785179138183594 0.15266379714012146
0 0.03582136332988739 0.16297811269760132 0.07161260396242142 0.1513390988111496
0 0.4365796148777008 0.0927102193236351 0.03157978132367134 0.11515601724386215
0 0.9603589773178101 0.037294015288352966 0.0626220703125 0.07458803057670593
