0 0.08944953233003616 0.4547120928764343 0.05276792123913765 0.26149076223373413
0 0.22596950829029083 0.5419507622718811 0.0812440887093544 0.21652653813362122
0 0.9031867980957031 0.5200842022895813 0.03992500156164169 0.11592653393745422
0 0.6450710296630859 0.6505962610244751 0.0332300178706646 0.11254526674747467
0 0.06085013598203659 0.08904270827770233 0.03505994752049446 0.12998394668102264
0 0.757547914981842 0.41896718740463257 0.023676108568906784 0.08744867146015167
0 0.9825658798217773 0.6809623837471008 0.03436393663287163 0.1280868500471115
0 0.8257158994674683 0.3923473656177521 0.02184276655316353 0.08289442956447601
0 0.422923743724823 0.319359689950943 0.03123188018798828 0.09058333188295364
0 0.3364633619785309 0.2652701139450073 0.029623890295624733 0.11462463438510895
0 0.5066479444503784 0.6722761392593384 0.05914408341050148 0.15755704045295715
0 0.796720564365387 0.40129783749580383 0.018412400037050247 0.07469011843204498
0 0.5713845491409302 0.675920844078064 0.0407957062125206 0.15729492902755737
0 0.7346635460853577 0.33242103457450867 0.0198250450193882 0.07468178868293762
0 0.8565278649330139 0.39220094680786133 0.02252216264605522 0.07711656391620636
0 0.8468601703643799 0.5723891258239746 0.04403991624712944 0.13562685251235962
0 0.49473077058792114 0.5946829915046692 0.06494064629077911 0.12307370454072952
0 0.39846163988113403 0.6116454005241394 0.035066794604063034 0.16624870896339417
0 0.5723533630371094 0.6523754596710205 0.039130400866270065 0.10887858271598816
0 0.3539683520793915 0.542905330657959 0.05171976238489151 0.12920506298542023
