0 0.3712601959705353 0.8919463157653809 0.030963610857725143 0.1144765242934227
0 0.29914042353630066 0.815061092376709 0.030799388885498047 0.10882492363452911
0 0.5116022229194641 0.7918684482574463 0.02215118333697319 0.09050954133272171
0 0.4924737215042114 0.6479370594024658 0.020384598523378372 0.07925312966108322
0 0.551039457321167 0.7587501406669617 0.02547505684196949 0.06644286960363388
0 0.6995890140533447 0.6948484778404236 0.02710895612835884 0.09402716159820557
0 0.4100475311279297 0.8571757078170776 0.033533476293087006 0.10872285813093185
0 0.6743327975273132 0.7080947756767273 0.025405501946806908 0.11070068925619125
0 0.7068449854850769 0.5750329494476318 0.02343006059527397 0.08203837275505066
0 0.3325631320476532 0.8028956055641174 0.030677031725645065 0.09528359025716782
0 0.37970319390296936 0.7144173383712769 0.02579965628683567 0.10008011013269424
0 0.35521042346954346 0.7559261918067932 0.023002274334430695 0.08451461791992188
