0 0.6086467504501343 0.8316983580589294 0.17754726111888885 0.33378875255584717
0 0.27289095520973206 0.8915157914161682 0.15753354132175446 0.21573469042778015
0 0.48918992280960083 0.7283012270927429 0.15277382731437683 0.3821762204170227
0 0.8587053418159485 0.7235312461853027 0.1487724334001541 0.39977729320526123
0 0.4726473391056061 0.26956960558891296 0.09339646995067596 0.32698482275009155
0 0.6276789307594299 0.2936409115791321 0.11524848639965057 0.36095666885375977
0 0.13550619781017303 0.8487187623977661 0.13283061981201172 0.3023322522640228
0 0.957524299621582 0.8230351805686951 0.0844600647687912 0.3476659059524536
0 0.10321313887834549 0.11227372288703918 0.11871173232793808 0.22454744577407837
0 0.24415181577205658 0.20796579122543335 0.08287682384252548 0.2856251895427704
0 0.7939637303352356 0.5905532836914062 0.10808881372213364 0.3339986205101013
0 0.3351020812988281 0.3626560568809509 0.10624125599861145 0.3468317985534668
0 0.39745762944221497 0.26765209436416626 0.09554414451122284 0.3418799638748169
0 0.7511459589004517 0.25604793429374695 0.09589996188879013 0.32203370332717896
0 0.3575180768966675 0.1055508628487587 0.05017251893877983 0.2111017256975174
0 0.8886039853096008 0.2033071517944336 0.06832065433263779 0.30326032638549805
0 0.2327142357826233 0.050930872559547424 0.08622696995735168 0.10186174511909485
0 0.9488481283187866 0.5758670568466187 0.1018802672624588 0.2981146574020386
0 0.9575013518333435 0.1516965627670288 0.08003749698400497 0.3033931255340576
0 0.6166464686393738 0.06291892379522324 0.08277855068445206 0.12583784759044647
0 0.20178286731243134 0.6296951174736023 0.11635027080774307 0.3853166699409485
0 0.2623477578163147 0.5610675811767578 0.10341858863830566 0.335556298494339
0 0.030671823769807816 0.8591137528419495 0.061332687735557556 0.27994146943092346
0 0.48498451709747314 0.07966046035289764 0.04948616027832031 0.1593209207057953
0 0.3859415054321289 0.4570713937282562 0.06677103042602539 0.3170298933982849
0 0.8074899911880493 0.34781187772750854 0.1162898987531662 0.34371253848075867
0 0.09337025135755539 0.49277326464653015 0.0933593288064003 0.2489493489265442
0 0.04779580608010292 0.2594585120677948 0.09458251297473907 0.22749726474285126
0 0.028542032465338707 0.3985641598701477 0.05702398344874382 0.225779727101326
0 0.8121914267539978 0.11039149761199951 0.060717009007930756 0.2195078730583191
0 0.6264277100563049 0.6496757864952087 0.10269565880298615 0.22406217455863953
0 0.6222096681594849 0.6889857649803162 0.11458148807287216 0.30423542857170105
0 0.6405632495880127 0.6569877862930298 0.07760314643383026 0.23786795139312744
