0 0.7052171230316162 0.5003393888473511 0.02151811309158802 0.09530356526374817
0 0.7119640707969666 0.7250416874885559 0.025361040607094765 0.12398914247751236
0 0.7382941246032715 0.6381191611289978 0.022130075842142105 0.0960477665066719
0 0.8871733546257019 0.7067620158195496 0.02485673688352108 0.0958566963672638
0 0.9191948175430298 0.6083987951278687 0.01866421103477478 0.09699343889951706
0 0.7999104857444763 0.5043800473213196 0.023992495611310005 0.09147300571203232
0 0.8157381415367126 0.7562013864517212 0.02536027692258358 0.08252511918544769
0 0.6766831278800964 0.36282259225845337 0.02240583673119545 0.08604072034358978
0 0.9522128701210022 0.8151131868362427 0.022736359387636185 0.09957077354192734
0 0.9718406796455383 0.8971889019012451 0.02209286205470562 0.09505077451467514
0 0.9196046590805054 0.6988146305084229 0.02237209677696228 0.09385084360837936
