0 0.37944507598876953 0.8528316020965576 0.030559062957763672 0.09879116714000702
0 0.2987408936023712 0.8110700845718384 0.033698368817567825 0.10867495834827423
0 0.33544281125068665 0.8012027144432068 0.030047893524169922 0.08509597927331924
0 0.41513577103614807 0.846318244934082 0.02816448174417019 0.09726842492818832
0 0.6176244020462036 0.9082426428794861 0.0390966422855854 0.11527964472770691
0 0.4924239218235016 0.6488217711448669 0.018599892035126686 0.08166707307100296
0 0.34607502818107605 0.880828320980072 0.039563242346048355 0.11562678217887878
0 0.5572774410247803 0.7792503237724304 0.027135277166962624 0.10009562224149704
0 0.7255390286445618 0.6153858304023743 0.023604774847626686 0.08224818110466003
0 0.7045819163322449 0.5771348476409912 0.027543257921934128 0.08037948608398438
