0 0.07600531727075577 0.8790004253387451 0.05336499959230423 0.24199913442134857
0 0.5886333584785461 0.5289120078086853 0.03915462642908096 0.19948527216911316
0 0.27450263500213623 0.7830252051353455 0.04642041400074959 0.2371329367160797
0 0.47737282514572144 0.4807239770889282 0.033226966857910156 0.1748109608888626
0 0.20937801897525787 0.8137132525444031 0.06274595111608505 0.1819729208946228
0 0.08008623123168945 0.7045729160308838 0.04801206663250923 0.18547776341438293
0 0.26931238174438477 0.5851498246192932 0.037660934031009674 0.19132113456726074
0 0.14289040863513947 0.6418261528015137 0.04779462888836861 0.182631254196167
0 0.7499271631240845 0.46194154024124146 0.04538440704345703 0.1745796799659729
0 0.6216508150100708 0.5148914456367493 0.0314214713871479 0.1905003935098648
0 0.5223115682601929 0.46143341064453125 0.031099000945687294 0.15096822381019592
0 0.6526334285736084 0.5114707946777344 0.037130165845155716 0.16669180989265442
0 0.20160163938999176 0.7060663104057312 0.046450089663267136 0.12421993911266327
0 0.40065354108810425 0.6473953723907471 0.05647716671228409 0.190291166305542
0 0.09284214675426483 0.2051129937171936 0.03649129718542099 0.140021413564682
0 0.30712899565696716 0.7368810176849365 0.049725912511348724 0.17178209125995636
