0 0.1487690806388855 0.7040483355522156 0.10875985026359558 0.3771694302558899
0 0.8057587146759033 0.6901655197143555 0.1438133269548416 0.40672746300697327
0 0.1723162680864334 0.5587216019630432 0.1154395118355751 0.39782240986824036
0 0.2741445004940033 0.8759250044822693 0.10454843938350677 0.2474967986345291
0 0.4176670014858246 0.8095664381980896 0.12311862409114838 0.37908968329429626
0 0.9476316571235657 0.4391617774963379 0.10418663173913956 0.3489081561565399
0 0.5420202612876892 0.6411316990852356 0.13572336733341217 0.34950143098831177
0 0.24186702072620392 0.17667117714881897 0.0952000617980957 0.3162490725517273
0 0.3542046844959259 0.407997727394104 0.10209239274263382 0.3126348555088043
0 0.02638816274702549 0.33050405979156494 0.052743565291166306 0.35087957978248596
0 0.5308442115783691 0.9268824458122253 0.09588222205638885 0.1457505077123642
0 0.6085397005081177 0.8511264324188232 0.10907687991857529 0.29735997319221497
0 0.6148854494094849 0.5271655321121216 0.08644390106201172 0.25926169753074646
0 0.8714706301689148 0.2883918881416321 0.09647388756275177 0.3458916246891022
0 0.7797282934188843 0.3834199607372284 0.09845829010009766 0.344251811504364
0 0.0641154870390892 0.11891815066337585 0.0784047394990921 0.23611736297607422
0 0.11654437333345413 0.17766200006008148 0.08131739497184753 0.30270376801490784
0 0.3022718131542206 0.7470329999923706 0.09745597839355469 0.3762112855911255
0 0.6939809322357178 0.13621921837329865 0.07756621390581131 0.2639724612236023
0 0.6858282685279846 0.7048410773277283 0.0906437560915947 0.3283607065677643
0 0.13746044039726257 0.1389126479625702 0.12547101080417633 0.27629512548446655
0 0.7695743441581726 0.1551150679588318 0.07436561584472656 0.2587427794933319
0 0.6721495389938354 0.3584885597229004 0.07003752142190933 0.3366380035877228
0 0.621112585067749 0.37167617678642273 0.0943082794547081 0.20266315340995789
0 0.5375329256057739 0.3910943865776062 0.061742592602968216 0.24793459475040436
0 0.4532805383205414 0.46596798300743103 0.08538989722728729 0.3761495351791382
0 0.3200172483921051 0.2143879383802414 0.07246669381856918 0.23963068425655365
