0 0.874608039855957 0.40009066462516785 0.032418061047792435 0.09107411652803421
0 0.2741081118583679 0.5599483251571655 0.06413821876049042 0.22206547856330872
0 0.9058277010917664 0.3455742597579956 0.023025130853056908 0.06571566313505173
0 0.7628456354141235 0.6399564146995544 0.04309272766113281 0.12456627190113068
0 0.33158621191978455 0.2681584358215332 0.03798306733369827 0.1250651627779007
0 0.49795618653297424 0.6124311089515686 0.04674472659826279 0.10676396638154984
0 0.5576597452163696 0.6494934558868408 0.05555610731244087 0.09367498010396957
0 0.7866685390472412 0.5852472186088562 0.04285113140940666 0.13549067080020905
0 0.7134207487106323 0.31704920530319214 0.01568450964987278 0.06661351770162582
0 0.9718130230903625 0.43835577368736267 0.02137603797018528 0.07692188769578934
0 0.5415430665016174 0.6278639435768127 0.03268871456384659 0.08727849274873734
0 0.23065151274204254 0.04370395466685295 0.025054406374692917 0.08551670610904694
0 0.6007534265518188 0.6602597832679749 0.04386730119585991 0.09469706565141678
0 0.6746196150779724 0.35501548647880554 0.025489425286650658 0.07442115992307663
0 0.5594512820243835 0.6845596432685852 0.061843108385801315 0.1627146452665329
