0 0.5256643891334534 0.9129676222801208 0.1283385008573532 0.1734769195318222
0 0.3659808933734894 0.7219165563583374 0.1327957808971405 0.3746838867664337
0 0.10793554037809372 0.6280447840690613 0.10825410485267639 0.378309965133667
0 0.5644808411598206 0.5716793537139893 0.13362079858779907 0.3484661877155304
0 0.6784114241600037 0.5746877789497375 0.11652170866727829 0.384502112865448
0 0.8119956851005554 0.7183372378349304 0.09550552070140839 0.38324177265167236
0 0.46669092774391174 0.6534644365310669 0.1005006805062294 0.349029541015625
0 0.7507855892181396 0.6561693549156189 0.11866550147533417 0.33959710597991943
0 0.1722041815519333 0.5738391280174255 0.10555867105722427 0.33353370428085327
0 0.037007175385951996 0.5911107659339905 0.07401435077190399 0.34665679931640625
0 0.28049716353416443 0.34294936060905457 0.09026335179805756 0.33493325114250183
0 0.21989765763282776 0.5437667369842529 0.1125452071428299 0.3767177164554596
0 0.9438241720199585 0.6443862318992615 0.11127586662769318 0.39427855610847473
0 0.14771656692028046 0.20049789547920227 0.06953410804271698 0.3072485327720642
0 0.5090511441230774 0.467603862285614 0.07870842516422272 0.49513763189315796
0 0.7784619927406311 0.37892404198646545 0.08948351442813873 0.3007039427757263
0 0.2297952026128769 0.2223881185054779 0.08656004071235657 0.28792282938957214
0 0.37863609194755554 0.32840314507484436 0.07008994370698929 0.26182249188423157
0 0.12839500606060028 0.9813247919082642 0.061107803136110306 0.036367543041706085
0 0.9631799459457397 0.045653924345970154 0.07335510104894638 0.09130784869194031
0 0.9080106019973755 0.5144021511077881 0.08821544796228409 0.32162341475486755
0 0.40594685077667236 0.1337488442659378 0.07258930057287216 0.2511900067329407
0 0.035685379058122635 0.42799344658851624 0.07129726558923721 0.1874774992465973
0 0.4156496822834015 0.48503395915031433 0.07675078511238098 0.31736981868743896
