0 0.29906609654426575 0.817236065864563 0.03407297283411026 0.1075388565659523
0 0.3665154278278351 0.8981437087059021 0.033641912043094635 0.10657619684934616
0 0.5116429328918457 0.7920635938644409 0.02151336707174778 0.09772669523954391
0 0.40862005949020386 0.8549697995185852 0.030223878100514412 0.10599356889724731
0 0.49333393573760986 0.6486830115318298 0.02016458474099636 0.08128293603658676
0 0.7063494324684143 0.5749035477638245 0.023116493597626686 0.07890179753303528
0 0.33195552229881287 0.8048170208930969 0.029302310198545456 0.09416452795267105
0 0.699877142906189 0.6926171779632568 0.027161026373505592 0.089177705347538
0 0.37871378660202026 0.7138997316360474 0.023616980761289597 0.10036744177341461
0 0.3963298201560974 0.7037755846977234 0.024894332513213158 0.10874100029468536
0 0.6740164160728455 0.7087522745132446 0.02360076829791069 0.1141798198223114
0 0.5506350994110107 0.7590806484222412 0.026387151330709457 0.06447982788085938
