0 0.6253752112388611 0.8198521733283997 0.15625151991844177 0.36005067825317383
0 0.7266382575035095 0.6032342910766602 0.10808505862951279 0.3726867735385895
0 0.26001715660095215 0.8109594583511353 0.11166582256555557 0.3530547618865967
0 0.4987265169620514 0.9075731039047241 0.10652042925357819 0.18446223437786102
0 0.8707515597343445 0.7724897861480713 0.13661499321460724 0.3568468689918518
0 0.09457715600728989 0.8572497963905334 0.18896369636058807 0.28457921743392944
0 0.9286270141601562 0.514480471611023 0.13695868849754333 0.35890790820121765
0 0.5604525804519653 0.5626969933509827 0.11206741631031036 0.484266996383667
0 0.46427661180496216 0.7233456969261169 0.08661556243896484 0.35969412326812744
0 0.5950028300285339 0.6253125667572021 0.16067196428775787 0.36753612756729126
0 0.13599200546741486 0.7644048929214478 0.1110747754573822 0.24974972009658813
0 0.46877115964889526 0.3064350485801697 0.08692493289709091 0.34803715348243713
0 0.228006973862648 0.6600364446640015 0.12285800278186798 0.23452933132648468
0 0.7963970899581909 0.5529512166976929 0.07958221435546875 0.32908275723457336
0 0.3136748671531677 0.271415114402771 0.07655572891235352 0.32957300543785095
0 0.10887494683265686 0.5358026027679443 0.08695432543754578 0.3035045564174652
0 0.7827646732330322 0.1302543729543686 0.057497087866067886 0.2605087459087372
0 0.9790533185005188 0.13167808949947357 0.04144134372472763 0.2516435980796814
0 0.5608860850334167 0.4794420003890991 0.11742143332958221 0.3181535005569458
0 0.8631736636161804 0.2951430082321167 0.09811248630285263 0.3023386597633362
0 0.5177147388458252 0.451718270778656 0.0770149901509285 0.33780401945114136
0 0.3961602449417114 0.49746349453926086 0.10027036815881729 0.3582148253917694
0 0.6315727233886719 0.38699203729629517 0.09260959923267365 0.2016109824180603
0 0.731152355670929 0.16624517738819122 0.07381559908390045 0.28568235039711
0 0.6605812907218933 0.21217387914657593 0.0827251449227333 0.2895766496658325
