0 0.7043777704238892 0.6278016567230225 0.042614810168743134 0.12411346286535263
0 0.033871959894895554 0.42260852456092834 0.06774391978979111 0.26353445649147034
0 0.5170885324478149 0.6785037517547607 0.061091043055057526 0.14893896877765656
0 0.7964181303977966 0.5457410216331482 0.039986610412597656 0.12525177001953125
0 0.26279035210609436 0.5121716856956482 0.07890882343053818 0.15109138190746307
0 0.8603847622871399 0.46659740805625916 0.02554035186767578 0.10146013647317886
0 0.14798735082149506 0.44118499755859375 0.04916633665561676 0.16943278908729553
0 0.5261393785476685 0.4029563069343567 0.029759788885712624 0.10723086446523666
0 0.8434029817581177 0.32007065415382385 0.01889782026410103 0.05597279965877533
0 0.42386093735694885 0.19362474977970123 0.025610828772187233 0.0733402818441391
0 0.9023773074150085 0.928310751914978 0.05344200134277344 0.10546112060546875
0 0.2150941789150238 0.4819665253162384 0.03986702114343643 0.13346455991268158
0 0.8959125280380249 0.9409141540527344 0.06585846096277237 0.11616465449333191
0 0.4614633619785309 0.352151095867157 0.030298614874482155 0.1182333379983902
0 0.21817748248577118 0.4846290647983551 0.028837252408266068 0.12501029670238495
0 0.25897687673568726 0.55012446641922 0.08588285744190216 0.23019972443580627
