0 0.5093613266944885 0.8168954849243164 0.16306187212467194 0.36620911955833435
0 0.8206942081451416 0.8389617800712585 0.18665733933448792 0.3213197886943817
0 0.2450946867465973 0.7905343174934387 0.12356683611869812 0.3747164309024811
0 0.9508298635482788 0.5183278322219849 0.09786529839038849 0.33504459261894226
0 0.15263229608535767 0.7282184362411499 0.11958968639373779 0.36191365122795105
0 0.40881767868995667 0.7031250596046448 0.08518905937671661 0.4009404182434082
0 0.8739174008369446 0.41454407572746277 0.12238464504480362 0.34945371747016907
0 0.7069299221038818 0.40593355894088745 0.07768230140209198 0.3107479214668274
0 0.3432299792766571 0.3898358643054962 0.09591668099164963 0.35622406005859375
0 0.05246699973940849 0.8125087022781372 0.09598295390605927 0.3720341622829437
0 0.6294215321540833 0.8519918918609619 0.08243217319250107 0.29390814900398254
0 0.9635271430015564 0.8183045983314514 0.07259273529052734 0.3621155619621277
0 0.7684296369552612 0.25135594606399536 0.06508026272058487 0.31256431341171265
0 0.5527454018592834 0.6392931342124939 0.08411302417516708 0.3233433961868286
0 0.1826789230108261 0.4483036398887634 0.08860171586275101 0.3243541717529297
0 0.03196980431675911 0.19760431349277496 0.06391481310129166 0.26034265756607056
0 0.6682370901107788 0.24411000311374664 0.06660499423742294 0.32603713870048523
0 0.1307010054588318 0.14427770674228668 0.060411762446165085 0.27860909700393677
0 0.8108167052268982 0.23659861087799072 0.05528227612376213 0.32862570881843567
0 0.30978909134864807 0.5690855979919434 0.14330673217773438 0.3953019380569458
0 0.4838397204875946 0.5224531888961792 0.08264169842004776 0.31712162494659424
0 0.9589832425117493 0.334633469581604 0.07338161766529083 0.3148719072341919
0 0.19475802779197693 0.18394805490970612 0.08298425376415253 0.2792333662509918
0 0.46537140011787415 0.34422096610069275 0.07070627063512802 0.2648952603340149
0 0.6507927179336548 0.655019998550415 0.13656464219093323 0.3136559724807739
0 0.5985796451568604 0.38522860407829285 0.08633670955896378 0.2762708067893982
0 0.6058655977249146 0.24912889301776886 0.1050146073102951 0.28057193756103516
