0 0.2115131914615631 0.7360121011734009 0.05072421953082085 0.1935071349143982
0 0.6651880145072937 0.8919057846069336 0.0614013671875 0.21618838608264923
0 0.8651434183120728 0.7865079045295715 0.04352264478802681 0.1757197082042694
0 0.16767507791519165 0.7483608722686768 0.051268719136714935 0.1971433013677597
0 0.48325681686401367 0.7637664675712585 0.05339851230382919 0.20570246875286102
0 0.11308396607637405 0.7255644798278809 0.046948306262493134 0.17142079770565033
0 0.6207651495933533 0.6251856088638306 0.05425319820642471 0.17771360278129578
0 0.08379855006933212 0.5322281122207642 0.04792294651269913 0.11190249025821686
0 0.6893385052680969 0.6659451723098755 0.04196586459875107 0.15916594862937927
0 0.07213569432497025 0.629818856716156 0.038706108927726746 0.15299861133098602
0 0.15844541788101196 0.6251415014266968 0.04963407665491104 0.09939473122358322
0 0.773969292640686 0.614437460899353 0.05369853973388672 0.16075120866298676
0 0.2935146391391754 0.6401689052581787 0.034886837005615234 0.1532849669456482
0 0.7291947603225708 0.6080104112625122 0.03911692276597023 0.1515323668718338
0 0.4592862129211426 0.511532723903656 0.033468056470155716 0.13380788266658783
0 0.16556113958358765 0.5237677693367004 0.04392294958233833 0.13363151252269745
0 0.030875736847519875 0.6473098993301392 0.03918015584349632 0.1507478952407837
0 0.31339535117149353 0.4124649167060852 0.039420317858457565 0.08645261079072952
0 0.42912501096725464 0.5145484805107117 0.03977661207318306 0.142819344997406
0 0.24328285455703735 0.5999748706817627 0.04665403440594673 0.15798085927963257
