0 0.5871251225471497 0.6689354181289673 0.12237831950187683 0.40408527851104736
0 0.8219283819198608 0.8201495409011841 0.14269186556339264 0.3592164218425751
0 0.45553481578826904 0.8708202838897705 0.10989026725292206 0.2569780945777893
0 0.9535064697265625 0.18317045271396637 0.09212188422679901 0.30008888244628906
0 0.37580156326293945 0.8334061503410339 0.09483490139245987 0.33149105310440063
0 0.11052832007408142 0.6985836625099182 0.13962845504283905 0.36298078298568726
0 0.8713634610176086 0.8873394727706909 0.12211303412914276 0.22407200932502747
0 0.49143555760383606 0.6425229907035828 0.09412361681461334 0.34467577934265137
0 0.32194769382476807 0.45525333285331726 0.10374221950769424 0.38987401127815247
0 0.15611054003238678 0.5591020584106445 0.12269202619791031 0.35935041308403015
0 0.7030543088912964 0.6530988812446594 0.08250720053911209 0.40926745533943176
0 0.4076167345046997 0.571046769618988 0.11695404350757599 0.344777375459671
0 0.33002012968063354 0.18742376565933228 0.07448196411132812 0.2841835021972656
0 0.6336296200752258 0.13582240045070648 0.08463497459888458 0.27164480090141296
0 0.25334814190864563 0.6038163304328918 0.09646285325288773 0.36320167779922485
0 0.6856033205986023 0.4168200194835663 0.10757032781839371 0.18458804488182068
0 0.8910623788833618 0.6559911370277405 0.13113364577293396 0.2698564827442169
0 0.06871183961629868 0.08965328335762024 0.09823092073202133 0.17930656671524048
0 0.6361473202705383 0.6294854879379272 0.08572190254926682 0.3794836699962616
0 0.6928558945655823 0.19932565093040466 0.11838798224925995 0.2935463488101959
0 0.7929148077964783 0.16033399105072021 0.076380155980587 0.25097689032554626
0 0.761881411075592 0.32814833521842957 0.10250148922204971 0.30918261408805847
0 0.03416575491428375 0.6712998151779175 0.06813646852970123 0.5451812744140625
