0 0.689288854598999 0.7915804386138916 0.05464344099164009 0.19349415600299835
0 0.7365044951438904 0.6812382340431213 0.040852420032024384 0.163105770945549
0 0.6347578763961792 0.7869094610214233 0.049115560948848724 0.17994537949562073
0 0.804348886013031 0.7892557978630066 0.06147594377398491 0.18563392758369446
0 0.8796554803848267 0.9565797448158264 0.07483939826488495 0.08555908501148224
0 0.5829114317893982 0.6800967454910278 0.0530206672847271 0.18120011687278748
0 0.1893250197172165 0.927786111831665 0.04880328103899956 0.14358113706111908
0 0.024229200556874275 0.5935412645339966 0.03986937180161476 0.15967902541160583
0 0.1978222280740738 0.5966145992279053 0.047105249017477036 0.15147505700588226
0 0.686350405216217 0.5419325828552246 0.04194622114300728 0.1345624327659607
0 0.6700678467750549 0.6427473425865173 0.046137046068906784 0.12918485701084137
0 0.8634218573570251 0.7830756902694702 0.042142488062381744 0.16726960241794586
0 0.06273224949836731 0.5508856177330017 0.05421236902475357 0.15299364924430847
0 0.739099383354187 0.5352829098701477 0.03870951384305954 0.14204461872577667
0 0.6250361204147339 0.39694511890411377 0.027221616357564926 0.11291669309139252
0 0.5433906316757202 0.5662755966186523 0.03623352199792862 0.143521249294281
0 0.294773131608963 0.6501738429069519 0.05698946490883827 0.16761602461338043
0 0.6559183597564697 0.5051129460334778 0.03700656816363335 0.12595020234584808
0 0.01939530484378338 0.7021663784980774 0.03879060968756676 0.20913822948932648
0 0.775896430015564 0.5722543597221375 0.03277092054486275 0.16318652033805847
