0 0.8088676333427429 0.8873813152313232 0.116485595703125 0.2239924967288971
0 0.5819555521011353 0.6573101282119751 0.1228734627366066 0.4079860746860504
0 0.07037977129220963 0.7680848836898804 0.14075954258441925 0.36105889081954956
0 0.16543321311473846 0.5879809260368347 0.13040141761302948 0.3693115711212158
0 0.939353346824646 0.17547507584095 0.10501518100500107 0.3089774549007416
0 0.6955531239509583 0.6728076338768005 0.0897982269525528 0.3907047212123871
0 0.3946034014225006 0.8653587102890015 0.13083314895629883 0.2680984437465668
0 0.8240262866020203 0.7549569010734558 0.1476287841796875 0.2818414866924286
0 0.8875743746757507 0.6534819006919861 0.13375262916088104 0.33057722449302673
0 0.49845343828201294 0.629609227180481 0.09778614342212677 0.36541032791137695
0 0.3806166648864746 0.5906258225440979 0.11290397495031357 0.30901840329170227
0 0.32987841963768005 0.18281593918800354 0.07384701073169708 0.24983245134353638
0 0.2791338562965393 0.595372200012207 0.08760843425989151 0.3954378366470337
0 0.7660952210426331 0.30607447028160095 0.07800273597240448 0.20872129499912262
0 0.22487053275108337 0.4883102774620056 0.08454923331737518 0.2909952700138092
0 0.7763931155204773 0.6085271835327148 0.08755194395780563 0.4324656128883362
0 0.43799158930778503 0.8233795166015625 0.08423833549022675 0.34835314750671387
0 0.7323080897331238 0.07958526909351349 0.07933349907398224 0.15917053818702698
0 0.6560424566268921 0.18533256649971008 0.08261318504810333 0.29892536997795105
0 0.5869187712669373 0.3985973298549652 0.11802387237548828 0.22952993214130402
0 0.36167100071907043 0.3716985881328583 0.1077532097697258 0.2608450651168823
0 0.7022041082382202 0.42084234952926636 0.10305442661046982 0.18648768961429596
0 0.8261690735816956 0.11691653728485107 0.06903457641601562 0.2334710657596588
0 0.8293298482894897 0.4625297486782074 0.07818718254566193 0.21949055790901184
0 0.9794718623161316 0.8117631077766418 0.040560148656368256 0.1930699646472931
