0 0.569043755531311 0.8544052839279175 0.14103278517723083 0.2908380627632141
0 0.42163506150245667 0.8415968418121338 0.12475061416625977 0.31609633564949036
0 0.853854775428772 0.9174794554710388 0.14992141723632812 0.16425824165344238
0 0.6636459827423096 0.8173511028289795 0.1258903443813324 0.3646293580532074
0 0.620317816734314 0.10786393284797668 0.10487861931324005 0.21464809775352478
0 0.7609279155731201 0.1699247658252716 0.07484041899442673 0.33006635308265686
0 0.47916021943092346 0.4772243797779083 0.08732013404369354 0.3568592369556427
0 0.7699892520904541 0.832155168056488 0.09485086053609848 0.3356896638870239
0 0.36070114374160767 0.39327096939086914 0.09080854803323746 0.3781304359436035
0 0.29434534907341003 0.4834109842777252 0.11229031533002853 0.30691078305244446
0 0.9384214282035828 0.8500298261642456 0.1221492737531662 0.2978263795375824
0 0.7263321280479431 0.6555647253990173 0.0851665511727333 0.30357107520103455
0 0.42781227827072144 0.36358439922332764 0.07229118049144745 0.36369583010673523
0 0.04504426568746567 0.553508996963501 0.09008346498012543 0.3285580575466156
0 0.17454548180103302 0.6318833827972412 0.14648212492465973 0.3733554482460022
0 0.8639715313911438 0.49378567934036255 0.12485809624195099 0.35078638792037964
0 0.9496509432792664 0.5029240846633911 0.09996223449707031 0.4485729932785034
0 0.8065404295921326 0.4518454372882843 0.1161767989397049 0.38487914204597473
0 0.6907790899276733 0.057459305971860886 0.06654129177331924 0.11491861194372177
0 0.47126713395118713 0.02955324947834015 0.054854296147823334 0.05892592668533325
0 0.8544855117797852 0.038655806332826614 0.05093536525964737 0.07691380381584167
0 0.09144066274166107 0.40916430950164795 0.09673900902271271 0.300860196352005
0 0.18756189942359924 0.42103779315948486 0.10198451578617096 0.3056986629962921
0 0.9666723012924194 0.9283815026283264 0.0656917542219162 0.14187952876091003
