0 0.9128010869026184 0.8157504796981812 0.024449581280350685 0.09857948124408722
0 0.693092405796051 0.6839427351951599 0.02167341485619545 0.10727570950984955
0 0.7906104326248169 0.7024407982826233 0.025467174127697945 0.097333624958992
0 0.8975301384925842 0.6546147465705872 0.022372012957930565 0.08987264335155487
0 0.6641589999198914 0.3401939570903778 0.020715586841106415 0.08350950479507446
0 0.7475808262825012 0.6274492740631104 0.02128618024289608 0.09999258071184158
0 0.8236168026924133 0.29669150710105896 0.01921725831925869 0.07932718098163605
0 0.8641357421875 0.6587233543395996 0.02261403389275074 0.09166562557220459
0 0.8444249629974365 0.7409029603004456 0.023020172491669655 0.09263323992490768
0 0.6772193908691406 0.4619537591934204 0.0208901297301054 0.09801097959280014
0 0.8064056634902954 0.4301479160785675 0.01847432367503643 0.08535173535346985
