0 0.6980217695236206 0.9232982397079468 0.12859484553337097 0.1513632833957672
0 0.46512654423713684 0.556336522102356 0.07245559990406036 0.2057880461215973
0 0.5292947292327881 0.8768719434738159 0.0919269546866417 0.15325139462947845
0 0.47313040494918823 0.10136274993419647 0.04288310930132866 0.13061650097370148
0 0.13233788311481476 0.16201893985271454 0.06553339958190918 0.2195267528295517
0 0.029405295848846436 0.15773175656795502 0.05881059169769287 0.22781427204608917
0 0.30450311303138733 0.24721315503120422 0.07298663258552551 0.1992662250995636
0 0.4389575123786926 0.09203794598579407 0.03171176835894585 0.10486181080341339
0 0.2161777764558792 0.11535990983247757 0.037654224783182144 0.11729469150304794
0 0.056303706020116806 0.11907382309436798 0.07164538651704788 0.23753085732460022
0 0.3507162630558014 0.2756947875022888 0.09188582003116608 0.19070470333099365
0 0.6422364711761475 0.6684308648109436 0.07942860573530197 0.1098019927740097
0 0.6745099425315857 0.46629372239112854 0.06636606901884079 0.10970459133386612
0 0.7472330927848816 0.63409423828125 0.055735208094120026 0.10598067939281464
0 0.049512140452861786 0.10117901861667633 0.0631374642252922 0.20235803723335266
0 0.5674479007720947 0.4382653534412384 0.07062597572803497 0.11520817875862122
