0 0.508353054523468 0.728108823299408 0.11262702941894531 0.4103403687477112
0 0.31664684414863586 0.7169771790504456 0.1405341476202011 0.397508442401886
0 0.8908794522285461 0.6086828112602234 0.13988494873046875 0.33849036693573
0 0.7872541546821594 0.4666299521923065 0.11645965278148651 0.3281463384628296
0 0.8268483281135559 0.8620609045028687 0.15679225325584412 0.27542826533317566
0 0.9547672271728516 0.4316135346889496 0.08975867927074432 0.35935693979263306
0 0.6748704314231873 0.8875748515129089 0.10265598446130753 0.22393035888671875
0 0.07949614524841309 0.10170208662748337 0.08991646766662598 0.20340417325496674
0 0.6456344723701477 0.3006437420845032 0.08620758354663849 0.3100309371948242
0 0.1251021921634674 0.6555769443511963 0.16841955482959747 0.37545669078826904
0 0.060624632984399796 0.35230082273483276 0.10149197280406952 0.2866489291191101
0 0.5502370595932007 0.5770880579948425 0.07529446482658386 0.32149824500083923
0 0.22080297768115997 0.5730621218681335 0.0836518257856369 0.3587509095668793
0 0.7120438814163208 0.20124034583568573 0.06880105286836624 0.2972607910633087
0 0.5195757746696472 0.09723903983831406 0.07955799251794815 0.19389231503009796
0 0.4170598089694977 0.4516479969024658 0.08089695125818253 0.35969942808151245
0 0.5904684066772461 0.3303603231906891 0.07275848090648651 0.3160783648490906
0 0.3401378095149994 0.41165897250175476 0.10613870620727539 0.3278021216392517
0 0.27693304419517517 0.2957480847835541 0.08166246116161346 0.3034824728965759
0 0.08739226311445236 0.8224934935569763 0.16654933989048004 0.35393089056015015
0 0.4498277008533478 0.08651378750801086 0.07100324332714081 0.17302757501602173
0 0.48880526423454285 0.9661028385162354 0.06944894790649414 0.06668294221162796
0 0.17404763400554657 0.4424270689487457 0.06508640944957733 0.3300071656703949
0 0.8969701528549194 0.17753368616104126 0.08491935580968857 0.30523350834846497
0 0.8229071497917175 0.29874804615974426 0.0745248794555664 0.2517514228820801
