0 0.2996472716331482 0.23968082666397095 0.06276293098926544 0.24041423201560974
0 0.0545298233628273 0.1404208242893219 0.10900004208087921 0.1917453110218048
0 0.1904018074274063 0.09482073038816452 0.03877844661474228 0.10609923303127289
0 0.2205776572227478 0.21291139721870422 0.09867553412914276 0.17825794219970703
0 0.43074971437454224 0.09232605993747711 0.034941863268613815 0.11480163037776947
0 0.4760529398918152 0.37129321694374084 0.06341991573572159 0.1380583494901657
0 0.7349862456321716 0.9338515996932983 0.16110935807228088 0.13065338134765625
0 0.4336142838001251 0.3224015235900879 0.056848812848329544 0.17643769085407257
0 0.45148786902427673 0.20326317846775055 0.05711498111486435 0.12378640472888947
0 0.35887712240219116 0.3268195390701294 0.06963574141263962 0.11667162925004959
0 0.4800333082675934 0.10055707395076752 0.03887214511632919 0.11778653413057327
0 0.9678031802177429 0.9124844670295715 0.06348495185375214 0.17282511293888092
