0 0.0705721378326416 0.5834633111953735 0.14114150404930115 0.39324530959129333
0 0.2613352835178375 0.8235054016113281 0.1723761409521103 0.35156503319740295
0 0.8238086700439453 0.5071731805801392 0.15337219834327698 0.3581100404262543
0 0.41430091857910156 0.5076842308044434 0.13057060539722443 0.41025444865226746
0 0.6862378716468811 0.5013924837112427 0.09248218685388565 0.3588651120662689
0 0.8532148003578186 0.17824102938175201 0.10811977088451385 0.302756667137146
0 0.9682436585426331 0.25500816106796265 0.06301651149988174 0.3004075884819031
0 0.26752057671546936 0.4817620515823364 0.17169122397899628 0.339258074760437
0 0.4945504367351532 0.4254043698310852 0.07437057793140411 0.3377071022987366
0 0.9023281335830688 0.37507909536361694 0.09753036499023438 0.328626811504364
0 0.13634246587753296 0.47706732153892517 0.09477998316287994 0.33989638090133667
0 0.6083818078041077 0.12386733293533325 0.058735404163599014 0.2477346658706665
0 0.9540472626686096 0.6874522566795349 0.09140205383300781 0.6229026913642883
0 0.6246107816696167 0.37629055976867676 0.07863432914018631 0.3164703845977783
0 0.5606173276901245 0.3244582712650299 0.0824718177318573 0.30382072925567627
0 0.3206893503665924 0.36093077063560486 0.08261553198099136 0.327129989862442
0 0.6466314196586609 0.14802761375904083 0.05731773376464844 0.19287952780723572
0 0.24693059921264648 0.15956534445285797 0.07784976810216904 0.18562857806682587
0 0.04793544486165047 0.33990946412086487 0.09565809369087219 0.20435447990894318
0 0.32916876673698425 0.1364765763282776 0.05828886106610298 0.2390078604221344
0 0.040064457803964615 0.22169184684753418 0.07995568215847015 0.21104349195957184
0 0.26168984174728394 0.34372714161872864 0.07795639336109161 0.2870330512523651
