0 0.8907337188720703 0.8334776759147644 0.15765380859375 0.3323350250720978
0 0.22593694925308228 0.913909375667572 0.14353542029857635 0.17078755795955658
0 0.393307626247406 0.6907832026481628 0.14793768525123596 0.36498314142227173
0 0.7604712247848511 0.7555764317512512 0.15345630049705505 0.4284665286540985
0 0.5057593584060669 0.8236784934997559 0.11959848552942276 0.3331797420978546
0 0.5531132221221924 0.6823135614395142 0.09737307578325272 0.32197999954223633
0 0.11513959616422653 0.8718181848526001 0.1307443380355835 0.25530165433883667
0 0.11757184565067291 0.5821664929389954 0.11940974742174149 0.3580241799354553
0 0.29072922468185425 0.054142601788043976 0.10440559685230255 0.10828520357608795
0 0.3028837740421295 0.5568174123764038 0.10047116130590439 0.352239727973938
0 0.17975828051567078 0.5397366881370544 0.10451049357652664 0.3427406847476959
0 0.4543274939060211 0.35549280047416687 0.08972015231847763 0.37460586428642273
0 0.6365304589271545 0.23619963228702545 0.08355464786291122 0.32596880197525024
0 0.17173270881175995 0.2235395610332489 0.08683320879936218 0.298409104347229
0 0.6928540468215942 0.2655358910560608 0.10250473022460938 0.32259899377822876
0 0.7884142398834229 0.36890652775764465 0.10520915687084198 0.3059418797492981
0 0.9230756163597107 0.1962369680404663 0.11485080420970917 0.3119923174381256
0 0.7005757689476013 0.5857819318771362 0.11121349036693573 0.31913766264915466
0 0.2991580069065094 0.24620306491851807 0.09757793694734573 0.2100701630115509
0 0.38438236713409424 0.3098701536655426 0.07273244857788086 0.32010534405708313
0 0.9530553221702576 0.38087284564971924 0.09276676177978516 0.24672101438045502
0 0.07099129259586334 0.7186648845672607 0.08881160616874695 0.22920188307762146
0 0.8519561886787415 0.23112307488918304 0.09111785888671875 0.3133850395679474
0 0.13192757964134216 0.11805935204029083 0.06839236617088318 0.23587599396705627
0 0.8796722292900085 0.569000244140625 0.1176990494132042 0.3278101682662964
0 0.7464913129806519 0.13530975580215454 0.07012023776769638 0.2681625485420227
0 0.3099658191204071 0.363700270652771 0.09673981368541718 0.2013985961675644
