0 0.29077622294425964 0.8031543493270874 0.14692051708698273 0.3936912417411804
0 0.41787004470825195 0.910662829875946 0.13861903548240662 0.17769037187099457
0 0.7299626469612122 0.8096219301223755 0.10110302269458771 0.2597193419933319
0 0.5790339112281799 0.8801730871200562 0.12104526907205582 0.23942947387695312
0 0.8143078088760376 0.6404304504394531 0.12465858459472656 0.3249054253101349
0 0.5647341012954712 0.6592894792556763 0.10766563564538956 0.3896350562572479
0 0.8068183660507202 0.41113197803497314 0.10874538123607635 0.3129202425479889
0 0.04057970270514488 0.7150029540061951 0.08115940541028976 0.3640885353088379
0 0.8953791260719299 0.3417796790599823 0.09227828681468964 0.3584623634815216
0 0.6587003469467163 0.37144753336906433 0.08214683830738068 0.32737958431243896
0 0.46536722779273987 0.6100552678108215 0.09155044704675674 0.3504120409488678
0 0.17944484949111938 0.807460606098175 0.1286410093307495 0.3780618906021118
0 0.977900505065918 0.6646600365638733 0.04366721957921982 0.3912387490272522
0 0.31105008721351624 0.4819459617137909 0.08291292190551758 0.2539626359939575
0 0.12904076278209686 0.32510805130004883 0.10351726412773132 0.2791276276111603
0 0.6363698244094849 0.19723841547966003 0.0773988738656044 0.2942921817302704
0 0.7038329243659973 0.9490300416946411 0.1289265900850296 0.10054829716682434
0 0.5412327647209167 0.0858495905995369 0.07986561208963394 0.17136792838573456
0 0.09151098877191544 0.09040714800357819 0.0799541175365448 0.18081429600715637
0 0.073189377784729 0.4961436092853546 0.1164260059595108 0.4518490135669708
0 0.7225800156593323 0.29112571477890015 0.09850616753101349 0.299228698015213
0 0.41119369864463806 0.2935100495815277 0.088226318359375 0.329300194978714
0 0.9613054394721985 0.19503077864646912 0.0686260238289833 0.29704949259757996
0 0.14772233366966248 0.5801871418952942 0.10023445636034012 0.23991025984287262
0 0.16532374918460846 0.10759531706571579 0.05589742586016655 0.21519063413143158
0 0.5164583921432495 0.5196803212165833 0.08896166831254959 0.40026915073394775
0 0.43031299114227295 0.10438811033964157 0.11397841572761536 0.20819376409053802
0 0.2226376086473465 0.24079394340515137 0.07941446453332901 0.1569634974002838
0 0.33890610933303833 0.3215375244617462 0.07189913094043732 0.300808310508728
