0 0.13903823494911194 0.6962866187095642 0.05323108658194542 0.15359747409820557
0 0.6729080080986023 0.926757276058197 0.06349162757396698 0.14648547768592834
0 0.3393910229206085 0.6616488695144653 0.03697557374835014 0.14449000358581543
0 0.4019792675971985 0.8069995641708374 0.07702455669641495 0.18361613154411316
0 0.9663467407226562 0.8132176995277405 0.06639061123132706 0.23932139575481415
0 0.6878689527511597 0.5886598229408264 0.030698776245117188 0.1227596253156662
0 0.4584106504917145 0.877170979976654 0.04796638339757919 0.2077939361333847
0 0.03355153650045395 0.5425637364387512 0.03745081275701523 0.1334667205810547
0 0.49927523732185364 0.7474493980407715 0.04149055480957031 0.1451072245836258
0 0.11373602598905563 0.5160194635391235 0.024772047996520996 0.11285807192325592
0 0.19885635375976562 0.5263264775276184 0.029790734872221947 0.1229376494884491
0 0.36740657687187195 0.9255172610282898 0.05329770967364311 0.14808985590934753
0 0.5783979296684265 0.8270585536956787 0.04556160047650337 0.1904257833957672
0 0.22206564247608185 0.8968226313591003 0.08563061058521271 0.2033899873495102
0 0.45194321870803833 0.6585039496421814 0.039580535143613815 0.12153837084770203
0 0.14464150369167328 0.5773675441741943 0.057347383350133896 0.13427022099494934
