0 0.7879353761672974 0.8740113377571106 0.0873819962143898 0.23503214120864868
0 0.7136693596839905 0.9404793381690979 0.07089176028966904 0.11762262880802155
0 0.14861434698104858 0.6883959174156189 0.0735359638929367 0.17234264314174652
0 0.020050734281539917 0.5833688378334045 0.040101468563079834 0.16908137500286102
0 0.6276786923408508 0.7032023668289185 0.042700767517089844 0.17733201384544373
0 0.21376080811023712 0.5297739505767822 0.04295606538653374 0.14051589369773865
0 0.2358604520559311 0.9191945195198059 0.053098201751708984 0.1612401306629181
0 0.36832645535469055 0.488445907831192 0.03387549892067909 0.1367195099592209
0 0.7782511115074158 0.6418286561965942 0.04710731655359268 0.18642374873161316
0 0.8636501431465149 0.7857826948165894 0.04509792476892471 0.17418594658374786
0 0.06555180251598358 0.5479824542999268 0.06103913486003876 0.14925092458724976
0 0.18027891218662262 0.5399910807609558 0.040616560727357864 0.1493193358182907
0 0.30415648221969604 0.6136493682861328 0.0464567169547081 0.16451899707317352
0 0.7087087035179138 0.5808446407318115 0.03942648693919182 0.14499524235725403
0 0.574829638004303 0.5824541449546814 0.04876149445772171 0.12385965883731842
0 0.10795633494853973 0.6156050562858582 0.03836173936724663 0.15410462021827698
0 0.6785751581192017 0.6928211450576782 0.050611432641744614 0.15032526850700378
0 0.5661398768424988 0.7089851498603821 0.05849558487534523 0.17202016711235046
0 0.7144426703453064 0.4806152284145355 0.03355426713824272 0.1066412627696991
