0 0.8980897665023804 0.7906835675239563 0.02403734065592289 0.09513197839260101
0 0.8282070755958557 0.3011667728424072 0.019556596875190735 0.08507386595010757
0 0.9758007526397705 0.8452242016792297 0.027135128155350685 0.11485131829977036
0 0.8538790941238403 0.6443657279014587 0.022011566907167435 0.10111550241708755
0 0.6604641675949097 0.3330845832824707 0.01875779964029789 0.08295818418264389
0 0.6678447723388672 0.44580554962158203 0.019960785284638405 0.08859679847955704
0 0.685981810092926 0.6584877371788025 0.02339409664273262 0.10912768542766571
0 0.8869349360466003 0.6330438852310181 0.023668332025408745 0.08853485435247421
0 0.7406041622161865 0.6088524460792542 0.022932687774300575 0.0951426699757576
0 0.7957051396369934 0.40233272314071655 0.01853400282561779 0.0833970233798027
0 0.9724234938621521 0.6863535046577454 0.02555270679295063 0.09949425607919693
