0 0.18953576683998108 0.8301429748535156 0.14359328150749207 0.33805474638938904
0 0.8023580312728882 0.8490963578224182 0.2203715741634369 0.30046385526657104
0 0.05679198354482651 0.8330652713775635 0.08684678375720978 0.3325469493865967
0 0.6409919261932373 0.8079811334609985 0.09593601524829865 0.38302120566368103
0 0.5623208284378052 0.8246897459030151 0.0725744217634201 0.35018959641456604
0 0.33549147844314575 0.8342530131340027 0.133371502161026 0.33138275146484375
0 0.9324868321418762 0.8532379865646362 0.13431033492088318 0.288870245218277
0 0.02007790096104145 0.8518069982528687 0.04012121260166168 0.29231804609298706
0 0.5101535320281982 0.8404203057289124 0.08540315926074982 0.31425780057907104
0 0.9803207516670227 0.6621285080909729 0.03873481601476669 0.19834408164024353
0 0.36156976222991943 0.6232799291610718 0.05014543607831001 0.11015726625919342
