0 0.9462471008300781 0.809490442276001 0.1070476546883583 0.38034436106681824
0 0.4392111897468567 0.4268304705619812 0.14621467888355255 0.3501448631286621
0 0.9267178773880005 0.5135043859481812 0.1465642899274826 0.32581037282943726
0 0.7546271085739136 0.5988079309463501 0.14054831862449646 0.37523701786994934
0 0.3027469515800476 0.7743775248527527 0.13524021208286285 0.42452844977378845
0 0.6405699253082275 0.764697253704071 0.12216625362634659 0.3237955868244171
0 0.3859296143054962 0.20473456382751465 0.08824004977941513 0.3376256823539734
0 0.60481196641922 0.2515217363834381 0.07570858299732208 0.334504097700119
0 0.1095370352268219 0.4516546428203583 0.12963534891605377 0.3281004726886749
0 0.2254406362771988 0.6527753472328186 0.09564342349767685 0.38081201910972595
0 0.4797808527946472 0.26217740774154663 0.10432739555835724 0.34925180673599243
0 0.876481294631958 0.24638184905052185 0.08715667575597763 0.32988208532333374
0 0.8264467120170593 0.9578660130500793 0.14752617478370667 0.08335842192173004
0 0.2956511676311493 0.47966596484184265 0.08969514816999435 0.3543837368488312
0 0.7106058597564697 0.20131592452526093 0.08914508670568466 0.31199413537979126
0 0.1647815704345703 0.17475414276123047 0.06511259078979492 0.3026813566684723
0 0.03697821870446205 0.38370200991630554 0.07381907105445862 0.32888534665107727
0 0.9645074605941772 0.08024417608976364 0.06942252814769745 0.15954440832138062
0 0.2566488981246948 0.16657757759094238 0.06562676280736923 0.1967051774263382
0 0.7919518351554871 0.14311327040195465 0.08014793694019318 0.23081086575984955
0 0.07747600972652435 0.23812086880207062 0.06691816449165344 0.16716670989990234
0 0.9549697637557983 0.24621129035949707 0.08914299309253693 0.34446537494659424
0 0.08802831918001175 0.11333626508712769 0.07780313491821289 0.1515205204486847
0 0.2380593717098236 0.38469967246055603 0.05864744260907173 0.22832603752613068
0 0.5798436999320984 0.12138085812330246 0.09817314147949219 0.24276171624660492
0 0.540536105632782 0.10306180268526077 0.05376148223876953 0.20612360537052155
