0 0.19061918556690216 0.4983282685279846 0.11831960827112198 0.21059036254882812
0 0.8192667365074158 0.9170616865158081 0.18211230635643005 0.16515527665615082
0 0.1390680968761444 0.3625110983848572 0.08886580169200897 0.22383339703083038
0 0.7388184070587158 0.5129438638687134 0.06488380581140518 0.12664100527763367
0 0.4777294099330902 0.10224262624979019 0.04077567905187607 0.12538649141788483
0 0.7951074242591858 0.5504290461540222 0.05736096575856209 0.09709243476390839
0 0.38939017057418823 0.3047272264957428 0.05971454083919525 0.20355826616287231
0 0.05625886097550392 0.17281852662563324 0.10174144059419632 0.12968416512012482
0 0.5983008146286011 0.4417957663536072 0.05731964111328125 0.129310742020607
0 0.43849220871925354 0.09069330245256424 0.033117104321718216 0.11053748428821564
0 0.5276932120323181 0.4257085919380188 0.07967487722635269 0.12070528417825699
