0 0.02868332900106907 0.9243090152740479 0.057308293879032135 0.1513819396495819
0 0.5603025555610657 0.9020696878433228 0.0633360892534256 0.1954442411661148
0 0.7168118357658386 0.7434016466140747 0.04432868957519531 0.17461645603179932
0 0.5502068996429443 0.7205566167831421 0.048436544835567474 0.18653789162635803
0 0.7869360446929932 0.7663536667823792 0.04960549622774124 0.157295361161232
0 0.6357991695404053 0.754744291305542 0.05077959597110748 0.17940720915794373
0 0.10556711256504059 0.7797791361808777 0.07007256895303726 0.18580928444862366
0 0.7749844789505005 0.35810402035713196 0.026833152398467064 0.1059027761220932
0 0.8686370849609375 0.7773445844650269 0.03701591491699219 0.15522316098213196
0 0.2426387369632721 0.7491624355316162 0.04797058179974556 0.17387822270393372
0 0.21939754486083984 0.5131521224975586 0.037339210510253906 0.14195290207862854
0 0.3971276581287384 0.466974139213562 0.039564356207847595 0.12224693596363068
0 0.03354129567742348 0.5857198238372803 0.041029755026102066 0.14889296889305115
0 0.08130434155464172 0.5275792479515076 0.04702956601977348 0.10453588515520096
0 0.048140719532966614 0.6780588626861572 0.04909373074769974 0.14949005842208862
0 0.0801858901977539 0.6334022879600525 0.042860887944698334 0.15308736264705658
0 0.421434611082077 0.5039104223251343 0.04143810272216797 0.13050346076488495
0 0.604989230632782 0.39271923899650574 0.027157148346304893 0.1108945831656456
