0 0.5898587703704834 0.7771317958831787 0.046094320714473724 0.16602198779582977
0 0.9127475619316101 0.7381299138069153 0.04777107387781143 0.1619313508272171
0 0.9116705060005188 0.9443788528442383 0.042082976549863815 0.10675176233053207
0 0.8570687770843506 0.7666862607002258 0.05497341230511665 0.15139079093933105
0 0.5040512084960938 0.9358546137809753 0.05417442321777344 0.12810617685317993
0 0.3860677480697632 0.5317776203155518 0.047427430748939514 0.14899830520153046
0 0.9807366728782654 0.9057749509811401 0.0380365364253521 0.17132848501205444
0 0.2921723425388336 0.9549879431724548 0.042693138122558594 0.0886826440691948
0 0.6633679270744324 0.44766947627067566 0.06096916273236275 0.16740213334560394
0 0.3981803059577942 0.6714692115783691 0.05273761600255966 0.15582525730133057
0 0.48922204971313477 0.5731682777404785 0.05262870714068413 0.14912910759449005
0 0.33229130506515503 0.9503707885742188 0.03344840928912163 0.09782961010932922
0 0.6624429821968079 0.9756101965904236 0.04995918273925781 0.04766540601849556
0 0.7181900143623352 0.7263954877853394 0.043077532202005386 0.14631742238998413
