0 0.9285488128662109 0.8758643269538879 0.13417872786521912 0.24744068086147308
0 0.8747926950454712 0.4023318290710449 0.14674492180347443 0.35389581322669983
0 0.03995214030146599 0.5568295121192932 0.07990428060293198 0.5725810527801514
0 0.33055731654167175 0.8848912715911865 0.09195375442504883 0.22907663881778717
0 0.7270522713661194 0.3331064283847809 0.09025141596794128 0.3354184925556183
0 0.20581944286823273 0.799322783946991 0.1633799970149994 0.3989013731479645
0 0.43208324909210205 0.6402462720870972 0.10771770775318146 0.3623324930667877
0 0.9579362869262695 0.7826586365699768 0.08369293063879013 0.4120337963104248
0 0.5537313222885132 0.7012811303138733 0.1241624504327774 0.40925735235214233
0 0.9677625894546509 0.10181647539138794 0.0639495849609375 0.20291052758693695
0 0.6144581437110901 0.17386871576309204 0.07209727168083191 0.309585303068161
0 0.12058999389410019 0.5847463011741638 0.09075427055358887 0.297048956155777
0 0.30749019980430603 0.6098713278770447 0.09050383418798447 0.33560600876808167
0 0.38501107692718506 0.36615049839019775 0.09730631858110428 0.37185123562812805
0 0.6050974726676941 0.5911573767662048 0.10750923305749893 0.3125593364238739
0 0.17706036567687988 0.39524903893470764 0.10389760881662369 0.30648601055145264
0 0.2306247055530548 0.7028496861457825 0.12490995973348618 0.34850800037384033
0 0.1200609877705574 0.3180844783782959 0.07651852816343307 0.30652064085006714
0 0.8093703985214233 0.09764716774225235 0.06663646548986435 0.1952943354845047
0 0.765654981136322 0.2065248340368271 0.059282492846250534 0.2980808615684509
0 0.24794717133045197 0.25857657194137573 0.12420301139354706 0.30869996547698975
0 0.4822523295879364 0.47851911187171936 0.07425174862146378 0.31887581944465637
0 0.38024571537971497 0.17457902431488037 0.061811257153749466 0.15976397693157196
0 0.20801779627799988 0.13626867532730103 0.09743809700012207 0.27237680554389954
0 0.5695331692695618 0.3382841646671295 0.0810951218008995 0.20555979013442993
0 0.30753910541534424 0.4557628631591797 0.06886520236730576 0.20129267871379852
