0 0.9491865038871765 0.6369931697845459 0.10048522800207138 0.39724448323249817
0 0.49725741147994995 0.5310020446777344 0.15398384630680084 0.36137643456459045
0 0.8597091436386108 0.7665314674377441 0.1301170289516449 0.3487711250782013
0 0.35790756344795227 0.6313181519508362 0.1269473433494568 0.38943570852279663
0 0.6101214289665222 0.45265164971351624 0.1076669692993164 0.3768085539340973
0 0.2605735957622528 0.4290533661842346 0.10329588502645493 0.3231615722179413
0 0.7199968695640564 0.2689152956008911 0.09367294609546661 0.31444281339645386
0 0.324644535779953 0.2832503020763397 0.09931249916553497 0.337859183549881
0 0.8491984009742737 0.40189260244369507 0.09673652797937393 0.30527547001838684
0 0.6353890895843506 0.22132395207881927 0.08756574243307114 0.28239890933036804
0 0.13657842576503754 0.5249804854393005 0.16784635186195374 0.3805612027645111
0 0.9629104733467102 0.12320657074451447 0.0728687271475792 0.24612179398536682
0 0.1211448609828949 0.6147992014884949 0.16995377838611603 0.38135960698127747
0 0.5092426538467407 0.2264551818370819 0.06758270412683487 0.30202001333236694
0 0.21921072900295258 0.18392005562782288 0.1081051155924797 0.2748822569847107
0 0.9562267065048218 0.4276832640171051 0.07978477329015732 0.19542516767978668
0 0.0903511494398117 0.14399658143520355 0.07465287297964096 0.2879931628704071
0 0.4072597622871399 0.22433334589004517 0.07242441177368164 0.2404722422361374
0 0.421987920999527 0.44009315967559814 0.09622939676046371 0.3268551528453827
0 0.03445310518145561 0.13258622586727142 0.06888086348772049 0.26517245173454285
0 0.052718937397003174 0.7704788446426392 0.10536658763885498 0.3429882824420929
0 0.8136327266693115 0.11704574525356293 0.08533649146556854 0.2340797781944275
0 0.7337783575057983 0.04077434912323952 0.045138169080019 0.08092224597930908
0 0.8559877276420593 0.21203449368476868 0.13011054694652557 0.2921196520328522
0 0.5583832263946533 0.3241775929927826 0.07124242931604385 0.3323363661766052
0 0.4227544665336609 0.09035936743021011 0.05568389967083931 0.18071873486042023
0 0.17230387032032013 0.2803800106048584 0.08716869354248047 0.31112319231033325
