0 0.7143333554267883 0.8343417644500732 0.14111213386058807 0.3301987946033478
0 0.3351554274559021 0.7557210922241211 0.12980671226978302 0.37652888894081116
0 0.5078989863395691 0.8039191961288452 0.12075001746416092 0.38716787099838257
0 0.9021312594413757 0.4164290428161621 0.1443042755126953 0.31625303626060486
0 0.08892489224672318 0.5950141549110413 0.11595727503299713 0.3647102415561676
0 0.3003244400024414 0.9161463975906372 0.14871281385421753 0.16635996103286743
0 0.6756471991539001 0.7132502794265747 0.12881775200366974 0.34184667468070984
0 0.29832327365875244 0.15827234089374542 0.10233820229768753 0.313393235206604
0 0.25426581501960754 0.8739078044891357 0.1020641177892685 0.25079524517059326
0 0.7390599846839905 0.5491235852241516 0.09551028907299042 0.338119775056839
0 0.448920875787735 0.6517061591148376 0.11172895133495331 0.37035390734672546
0 0.16400860249996185 0.5906935930252075 0.10506369173526764 0.3914973735809326
0 0.5841090679168701 0.6812212467193604 0.07583783566951752 0.35138705372810364
0 0.7882512211799622 0.35870131850242615 0.10807361453771591 0.4272829592227936
0 0.3871733546257019 0.42538273334503174 0.0834234207868576 0.3535810112953186
0 0.25525712966918945 0.5924485325813293 0.08148956298828125 0.31840968132019043
0 0.6249939203262329 0.4248788058757782 0.08729400485754013 0.28177669644355774
0 0.9573734402656555 0.1377861052751541 0.08477973937988281 0.27041345834732056
0 0.6849099397659302 0.2771109640598297 0.08341159671545029 0.322402685880661
0 0.04705832526087761 0.4416814148426056 0.08935876935720444 0.21157710254192352
0 0.5344356298446655 0.38751891255378723 0.06612679362297058 0.3105480670928955
0 0.9820190668106079 0.438355416059494 0.035491943359375 0.29798951745033264
0 0.2991012930870056 0.4722896218299866 0.07455786317586899 0.278301864862442
0 0.046816568821668625 0.2589593827724457 0.09124599397182465 0.24533703923225403
0 0.9722391366958618 0.4809177815914154 0.05521202087402344 0.4379556477069855
0 0.45377832651138306 0.24665361642837524 0.09153680503368378 0.2748415768146515
