0 0.5120173096656799 0.8628068566322327 0.1258113533258438 0.27410590648651123
0 0.24738313257694244 0.9336249232292175 0.0990835502743721 0.13140080869197845
0 0.28055474162101746 0.6640875339508057 0.1499999314546585 0.35631993412971497
0 0.7736101746559143 0.588549017906189 0.10242735594511032 0.34909218549728394
0 0.11682737618684769 0.6718385219573975 0.12244879454374313 0.381047785282135
0 0.686853289604187 0.67616206407547 0.09183140099048615 0.36754077672958374
0 0.39761048555374146 0.5967668890953064 0.10179948806762695 0.3146049380302429
0 0.2796090543270111 0.18802428245544434 0.15284618735313416 0.3114853799343109
0 0.4805256724357605 0.5375205874443054 0.08378563076257706 0.36995798349380493
0 0.9625353217124939 0.6847201585769653 0.07450542598962784 0.3926950693130493
0 0.864341139793396 0.5679168701171875 0.09395217895507812 0.3391866087913513
0 0.6457992792129517 0.537886917591095 0.14742183685302734 0.41451364755630493
0 0.03254127502441406 0.6248486638069153 0.06508255004882812 0.38508614897727966
0 0.19172395765781403 0.3780747354030609 0.08910393714904785 0.3305223286151886
0 0.3207795321941376 0.4850263297557831 0.10561875998973846 0.3292902410030365
0 0.3475305736064911 0.1328359842300415 0.07803382724523544 0.2500283420085907
0 0.8950530886650085 0.6565110683441162 0.14239749312400818 0.3605913817882538
0 0.5474469065666199 0.3896242678165436 0.08000895380973816 0.3575607240200043
0 0.1820480227470398 0.0851619690656662 0.06485497206449509 0.14778302609920502
0 0.9365512728691101 0.32286542654037476 0.10647125542163849 0.3261372148990631
0 0.18831227719783783 0.19523194432258606 0.10447736084461212 0.1948491483926773
0 0.032062191516160965 0.8664605021476746 0.06409551203250885 0.26517894864082336
