0 0.2677845060825348 0.8584884405136108 0.1299254298210144 0.28144997358322144
0 0.631039559841156 0.7977405190467834 0.11974849551916122 0.3964546322822571
0 0.143339142203331 0.7845603823661804 0.15004269778728485 0.2936843931674957
0 0.8572456240653992 0.5140957236289978 0.10932807624340057 0.3423430025577545
0 0.32398471236228943 0.7309154868125916 0.12242034077644348 0.3908331096172333
0 0.9583742618560791 0.6925229430198669 0.082830049097538 0.3578949272632599
0 0.7526376247406006 0.8613699078559875 0.10921071469783783 0.27647653222084045
0 0.0235124584287405 0.7928504347801208 0.046895187348127365 0.18676668405532837
0 0.4626186490058899 0.7167587280273438 0.10089359432458878 0.3585774600505829
0 0.6962681412696838 0.46452322602272034 0.06933873146772385 0.3385140597820282
0 0.11403676122426987 0.5786623358726501 0.11485321074724197 0.2519874572753906
0 0.7757209539413452 0.300456166267395 0.09338118135929108 0.3026253879070282
0 0.25992244482040405 0.18895848095417023 0.08609862625598907 0.3048762083053589
0 0.580026388168335 0.6750600934028625 0.07664623111486435 0.360531747341156
0 0.8038262724876404 0.4078078866004944 0.08967151492834091 0.3380158245563507
0 0.22434425354003906 0.4768134355545044 0.09957912564277649 0.3142203986644745
0 0.3983725309371948 0.3830977976322174 0.07052835077047348 0.3356107771396637
0 0.31814050674438477 0.4802185893058777 0.09485626220703125 0.27639350295066833
0 0.9027155041694641 0.33432120084762573 0.10085296630859375 0.27433496713638306
0 0.7295903563499451 0.7394182085990906 0.14241504669189453 0.31614404916763306
0 0.09944009780883789 0.1359824538230896 0.0950656309723854 0.2719649076461792
0 0.4869375228881836 0.4074432849884033 0.08027724921703339 0.29572802782058716
0 0.5514005422592163 0.38599997758865356 0.09040982276201248 0.3709436058998108
