0 0.1668054312467575 0.8355295062065125 0.10764304548501968 0.32732710242271423
0 0.052516497671604156 0.6035184860229492 0.10503299534320831 0.3872862458229065
0 0.7889493107795715 0.49707740545272827 0.08920955657958984 0.3724055886268616
0 0.6350511908531189 0.49955445528030396 0.1243193969130516 0.36881765723228455
0 0.41066327691078186 0.5284761786460876 0.13224343955516815 0.3901898264884949
0 0.8975870013237 0.4207693636417389 0.10676918178796768 0.35738450288772583
0 0.8631283044815063 0.18288809061050415 0.11325111240148544 0.32229793071746826
0 0.967698335647583 0.242747500538826 0.06416282802820206 0.3187582194805145
0 0.22461366653442383 0.5105031132698059 0.1134931743144989 0.36881619691848755
0 0.2878556549549103 0.4591660499572754 0.11607904732227325 0.359538197517395
0 0.1195019856095314 0.46223121881484985 0.11108531802892685 0.3050481081008911
0 0.3300543427467346 0.35210105776786804 0.08071966469287872 0.3535003364086151
0 0.47790005803108215 0.13500088453292847 0.08407993614673615 0.2683897316455841
0 0.5677105784416199 0.32974472641944885 0.10913988947868347 0.3091326653957367
0 0.9592050313949585 0.6087391376495361 0.08130111545324326 0.7628343105316162
0 0.627889096736908 0.11838715523481369 0.07835845649242401 0.22758826613426208
0 0.47547322511672974 0.43046098947525024 0.10396766662597656 0.32254156470298767
0 0.6874439716339111 0.18763595819473267 0.07777900993824005 0.28260520100593567
0 0.40707266330718994 0.26315736770629883 0.05911960452795029 0.2280821055173874
0 0.9724569320678711 0.4309273064136505 0.05465278774499893 0.3196435868740082
0 0.058257974684238434 0.27225422859191895 0.0810655802488327 0.27969759702682495
0 0.13910838961601257 0.24848969280719757 0.07910918444395065 0.2908875644207001
0 0.2564029097557068 0.2745915651321411 0.09054899215698242 0.1451726257801056
0 0.03540060669183731 0.38253024220466614 0.07077779620885849 0.3169649541378021
0 0.9676297903060913 0.34839707612991333 0.06424102932214737 0.5411292910575867
