0 0.7294185757637024 0.8300665020942688 0.17253819108009338 0.3386007845401764
0 0.607577919960022 0.3454573452472687 0.10743414610624313 0.3745672404766083
0 0.29848071932792664 0.8662077188491821 0.13953065872192383 0.26726505160331726
0 0.5896632671356201 0.7452528476715088 0.12978236377239227 0.37091684341430664
0 0.7330833673477173 0.08795194327831268 0.10986728966236115 0.17590388655662537
0 0.327789843082428 0.6266530752182007 0.1543402224779129 0.3643140196800232
0 0.17374418675899506 0.8326427936553955 0.15965162217617035 0.333970844745636
0 0.16153094172477722 0.07303189486265182 0.10215415060520172 0.14606378972530365
0 0.4074932932853699 0.37740659713745117 0.08007335662841797 0.3581903278827667
0 0.8047459721565247 0.25268441438674927 0.10287685692310333 0.33395522832870483
0 0.07271865010261536 0.8880247473716736 0.12025466561317444 0.22284165024757385
0 0.4846625328063965 0.33790987730026245 0.09644317626953125 0.39470189809799194
0 0.8332805633544922 0.4823923707008362 0.1370563507080078 0.33036789298057556
0 0.043231621384620667 0.31878435611724854 0.08511073142290115 0.3145398795604706
0 0.1760639101266861 0.5302338004112244 0.08786185085773468 0.27158838510513306
0 0.474424809217453 0.4518207907676697 0.09899072349071503 0.3203812837600708
0 0.22249795496463776 0.35692575573921204 0.09184350818395615 0.3100796043872833
0 0.3258223831653595 0.22576908767223358 0.10290984809398651 0.340267151594162
0 0.7586574554443359 0.6419788599014282 0.13564078509807587 0.20906901359558105
0 0.9389089345932007 0.8814295530319214 0.1189548522233963 0.23676596581935883
0 0.07208633422851562 0.5485283136367798 0.13034503161907196 0.3168170154094696
0 0.9270077347755432 0.19396542012691498 0.0863441452383995 0.3189249634742737
0 0.9260473251342773 0.7593422532081604 0.147166445851326 0.47278285026550293
0 0.867431104183197 0.6294975280761719 0.09842662513256073 0.31921640038490295
0 0.07181079685688019 0.07574616372585297 0.0714835673570633 0.15149232745170593
0 0.9578338861465454 0.46553176641464233 0.08333893120288849 0.24138246476650238
0 0.029661690816283226 0.5859991908073425 0.059232767671346664 0.36362478137016296
0 0.8576021194458008 0.26562970876693726 0.0862499251961708 0.2167646586894989
0 0.28883877396583557 0.11816456913948059 0.07063784450292587 0.23632913827896118
0 0.0825793594121933 0.2445995807647705 0.09117112308740616 0.31518420577049255
