0 0.4506414532661438 0.5769331455230713 0.03491544723510742 0.17931942641735077
0 0.4847601652145386 0.5680617094039917 0.03995199128985405 0.18190138041973114
0 0.0690702572464943 0.881788969039917 0.06464831531047821 0.23642204701900482
0 0.7307225465774536 0.403364896774292 0.04444942623376846 0.14931248128414154
0 0.13418743014335632 0.8662665486335754 0.05067223682999611 0.23458930850028992
0 0.2727045714855194 0.5694320797920227 0.03926439210772514 0.15572476387023926
0 0.5930691361427307 0.5497913956642151 0.03953742980957031 0.1981322169303894
0 0.6325781941413879 0.5266486406326294 0.039086658507585526 0.16444973647594452
0 0.4008476138114929 0.4976598024368286 0.03389101102948189 0.16866929829120636
0 0.852023720741272 0.3839133679866791 0.033571623265743256 0.14202134311199188
0 0.22526416182518005 0.6142104864120483 0.042465876787900925 0.20474480092525482
0 0.6614775061607361 0.31602907180786133 0.026624107733368874 0.12199953198432922
0 0.18741823732852936 0.8244915008544922 0.05535333976149559 0.20732302963733673
