0 0.8487901091575623 0.7469631433486938 0.1546926498413086 0.40060245990753174
0 0.48536619544029236 0.827197790145874 0.1313992440700531 0.3440394997596741
0 0.9592224955558777 0.7596179246902466 0.08116302639245987 0.36485251784324646
0 0.6869215369224548 0.8956419825553894 0.10568924248218536 0.2075275033712387
0 0.3395152688026428 0.6554444432258606 0.12557703256607056 0.35800012946128845
0 0.2600131332874298 0.8635876178741455 0.09896834939718246 0.27160313725471497
0 0.9585039615631104 0.23925016820430756 0.08208008110523224 0.310506135225296
0 0.5695850849151611 0.6365986466407776 0.12022282183170319 0.43481823801994324
0 0.04287489503622055 0.5708873271942139 0.0857497900724411 0.3634388744831085
0 0.4026520550251007 0.3885074257850647 0.10118170082569122 0.38091209530830383
0 0.7351263165473938 0.641137421131134 0.11667442321777344 0.40936893224716187
0 0.6215730309486389 0.7072371244430542 0.10236454010009766 0.37304407358169556
0 0.1850338727235794 0.5962412357330322 0.11503259837627411 0.32541072368621826
0 0.4555290639400482 0.18200263381004333 0.08337287604808807 0.33000147342681885
0 0.2337607443332672 0.07801763713359833 0.09646061062812805 0.15594471991062164
0 0.166599839925766 0.10113926231861115 0.09278861433267593 0.20208735764026642
0 0.6820071935653687 0.14614273607730865 0.08055076748132706 0.2912440598011017
0 0.0863652229309082 0.7498730421066284 0.0862591490149498 0.29947733879089355
0 0.8756172060966492 0.15675227344036102 0.09739913791418076 0.2988015413284302
0 0.49930113554000854 0.5229218602180481 0.0995025634765625 0.29038748145103455
0 0.23708398640155792 0.5438976287841797 0.09089186787605286 0.3387819826602936
0 0.2380419373512268 0.27579280734062195 0.06864254921674728 0.2824092507362366
0 0.5152091979980469 0.26017409563064575 0.07715393602848053 0.2952742576599121
0 0.9002342224121094 0.5789331793785095 0.12843818962574005 0.3156184256076813
