0 0.861855149269104 0.9327006936073303 0.10258674621582031 0.13315632939338684
0 0.7933534979820251 0.7492861151695251 0.060545921325683594 0.18087920546531677
0 0.7214618921279907 0.6532201170921326 0.04703260958194733 0.1567491739988327
0 0.6756783127784729 0.7545427680015564 0.05179023742675781 0.1774144470691681
0 0.3452179729938507 0.5192680954933167 0.03766247257590294 0.14911969006061554
0 0.21793483197689056 0.5812416076660156 0.041437290608882904 0.14342893660068512
0 0.5829156637191772 0.657916784286499 0.05166931077837944 0.17006072402000427
0 0.19072148203849792 0.5347467064857483 0.03793907165527344 0.15445226430892944
0 0.3003113567829132 0.6455903649330139 0.055582333356142044 0.18133528530597687
0 0.03745158761739731 0.7149757146835327 0.07308866828680038 0.16867747902870178
0 0.06254153698682785 0.5518278479576111 0.054397519677877426 0.15504620969295502
0 0.24190159142017365 0.9694217443466187 0.06361155211925507 0.06001332774758339
0 0.24058517813682556 0.6889160871505737 0.03934116289019585 0.14728695154190063
0 0.01777825318276882 0.5786923766136169 0.032800961285829544 0.12883147597312927
0 0.1381397843360901 0.9270659685134888 0.04625286906957626 0.1454230397939682
0 0.13323670625686646 0.5021131634712219 0.0393940694630146 0.13805405795574188
