0 0.29884645342826843 0.8015568852424622 0.03314170986413956 0.10032857209444046
0 0.3803099989891052 0.8543672561645508 0.03124583512544632 0.09930547326803207
0 0.34967041015625 0.8804347515106201 0.03453461453318596 0.11732839047908783
0 0.7047950625419617 0.5785590410232544 0.027793439105153084 0.08053716272115707
0 0.491220086812973 0.8192592859268188 0.047686196863651276 0.1252460926771164
0 0.4147949516773224 0.8457126021385193 0.027478789910674095 0.09896901249885559
0 0.49290332198143005 0.6487905383110046 0.01897602155804634 0.08288828283548355
0 0.7398661375045776 0.5833494067192078 0.03219788894057274 0.1541803926229477
0 0.5593181252479553 0.7744554877281189 0.026697540655732155 0.08053792268037796
0 0.6405647397041321 0.6898399591445923 0.018318558111786842 0.08842997997999191
0 0.7044348120689392 0.677332878112793 0.020665740594267845 0.08159582316875458
0 0.6574133634567261 0.7000539302825928 0.022452862933278084 0.10840149223804474
0 0.34385451674461365 0.8801205158233643 0.042198944836854935 0.12571173906326294
0 0.08315323293209076 0.48902663588523865 0.024123240262269974 0.07930903881788254
0 0.08302126824855804 0.5071620345115662 0.025245094671845436 0.1126553863286972
