0 0.7368271350860596 0.783203661441803 0.05120658874511719 0.18400879204273224
0 0.02707519568502903 0.96063232421875 0.05375194549560547 0.0773906260728836
0 0.5892911553382874 0.6780877709388733 0.038256265223026276 0.15820135176181793
0 0.7662326693534851 0.3421582877635956 0.026765504851937294 0.10244831442832947
0 0.08327862620353699 0.5532286167144775 0.04760749265551567 0.15650486946105957
0 0.8616112470626831 0.7875044345855713 0.04778556898236275 0.1764528900384903
0 0.8952292203903198 0.9634397625923157 0.06534824520349503 0.07169011235237122
0 0.6679108738899231 0.8287051916122437 0.04979000240564346 0.1957555115222931
0 0.45794132351875305 0.9107686281204224 0.07133207470178604 0.17778141796588898
0 0.012424285523593426 0.7281507849693298 0.024787090718746185 0.18405583500862122
0 0.7024866938591003 0.3293026089668274 0.030787086114287376 0.1343170553445816
0 0.4220638573169708 0.49632173776626587 0.0414545051753521 0.14776611328125
0 0.3893442153930664 0.5113961100578308 0.03672634810209274 0.12927813827991486
0 0.1298106461763382 0.97676682472229 0.040079258382320404 0.04539388045668602
0 0.08690674602985382 0.704986035823822 0.04712507501244545 0.1566818207502365
0 0.673754870891571 0.3887990713119507 0.025420062243938446 0.10287905484437943
0 0.09955509752035141 0.8399895429611206 0.06506280601024628 0.17899678647518158
0 0.6227124929428101 0.3959059417247772 0.03653297573328018 0.11688944697380066
0 0.2768002152442932 0.5324118137359619 0.0441029854118824 0.13657671213150024
