0 0.9216739535331726 0.45148608088493347 0.026958465576171875 0.08759155124425888
0 0.5409413576126099 0.4031584858894348 0.02600994147360325 0.11517193913459778
0 0.844076931476593 0.6084903478622437 0.04093055799603462 0.1276111602783203
0 0.06719350814819336 0.0769316554069519 0.050694771111011505 0.1538633108139038
0 0.18631364405155182 0.5166865587234497 0.07468195259571075 0.2470223754644394
0 0.14781008660793304 0.1337851881980896 0.045454684644937515 0.14461542665958405
0 0.07297097146511078 0.4243498146533966 0.09076233208179474 0.1634042114019394
0 0.027847738936543465 0.36771872639656067 0.05569547787308693 0.17205429077148438
0 0.4900231659412384 0.37026268243789673 0.023102855309844017 0.10617063194513321
0 0.5221519470214844 0.6628096103668213 0.07726173102855682 0.1784428507089615
0 0.47253865003585815 0.6014152765274048 0.05269050598144531 0.11777012795209885
0 0.9761061072349548 0.7622024416923523 0.04733409732580185 0.11460871994495392
