0 0.25516828894615173 0.7987026572227478 0.12595529854297638 0.36128464341163635
0 0.7871859073638916 0.8216481804847717 0.12502288818359375 0.35589179396629333
0 0.5494645237922668 0.8116692304611206 0.10647932440042496 0.3729812204837799
0 0.3728722929954529 0.7210215330123901 0.09496574103832245 0.40313270688056946
0 0.9413641095161438 0.5233908891677856 0.09345512092113495 0.32584574818611145
0 0.6721364259719849 0.8564320206642151 0.12373415380716324 0.2863594889640808
0 0.8885593414306641 0.3807578682899475 0.12057647854089737 0.34296905994415283
0 0.15660320222377777 0.7432664632797241 0.12207499891519547 0.34764668345451355
0 0.6537104249000549 0.6583552956581116 0.1428566575050354 0.32614725828170776
0 0.1875109076499939 0.46889564394950867 0.08770012855529785 0.32875365018844604
0 0.971756637096405 0.8455192446708679 0.05603046342730522 0.3089614808559418
0 0.04317793995141983 0.8142924904823303 0.08635587990283966 0.37141507863998413
0 0.7713509798049927 0.2370559722185135 0.0745275467634201 0.2610788941383362
0 0.4690312445163727 0.4135373532772064 0.07023944705724716 0.37663930654525757
0 0.03851480409502983 0.1906813532114029 0.07702960819005966 0.21693624556064606
0 0.7027947902679443 0.2696925699710846 0.060904502868652344 0.28675705194473267
0 0.45332494378089905 0.1019475907087326 0.06087179109454155 0.2038951814174652
0 0.7431851625442505 0.415848970413208 0.11538944393396378 0.3278364837169647
0 0.8911523818969727 0.1873069405555725 0.101557157933712 0.1845923811197281
0 0.5724250674247742 0.13641031086444855 0.06338043510913849 0.2728206217288971
0 0.2885039150714874 0.21527321636676788 0.09043030440807343 0.22996266186237335
