0 0.7863746881484985 0.836898148059845 0.1951438933610916 0.32486164569854736
0 0.6005929112434387 0.840061604976654 0.11335048824548721 0.3123455345630646
0 0.9144847989082336 0.8311637043952942 0.17050056159496307 0.32965731620788574
0 0.3129863142967224 0.8251590132713318 0.14932279288768768 0.3476322293281555
0 0.03175855800509453 0.8506039977073669 0.06335435062646866 0.2929885983467102
0 0.15870162844657898 0.8215593099594116 0.11135830730199814 0.3513440787792206
0 0.045843467116355896 0.8302580118179321 0.08901722729206085 0.32427623867988586
0 0.5014962553977966 0.8402886390686035 0.08374424278736115 0.308723121881485
0 0.2149774134159088 0.7732178568840027 0.060090817511081696 0.36291250586509705
0 0.4473174214363098 0.7559767961502075 0.06533489376306534 0.27042677998542786
0 0.27285751700401306 0.8377534747123718 0.07662935554981232 0.3198252320289612
0 0.9537597894668579 0.7223175764083862 0.08682670444250107 0.23397912085056305
0 0.8429128527641296 0.6860654354095459 0.05897827073931694 0.2517893612384796
0 0.41428714990615845 0.8286129236221313 0.08612708747386932 0.3314114511013031
