0 0.5657647848129272 0.8287687301635742 0.1420368254184723 0.3415633738040924
0 0.8505589962005615 0.8989405035972595 0.1476917862892151 0.20058263838291168
0 0.43247053027153015 0.8221614360809326 0.10155105590820312 0.35438525676727295
0 0.6591088771820068 0.7961868047714233 0.11057605594396591 0.40676990151405334
0 0.7567498683929443 0.1864950954914093 0.08149051666259766 0.3051193356513977
0 0.9349039196968079 0.8335503339767456 0.1271434724330902 0.3321274518966675
0 0.25392934679985046 0.5642719268798828 0.18588900566101074 0.44394201040267944
0 0.18273721635341644 0.8416849970817566 0.15593352913856506 0.31473612785339355
0 0.4647667109966278 0.49924206733703613 0.09155025333166122 0.34749290347099304
0 0.3747695982456207 0.38188493251800537 0.11196384578943253 0.36269116401672363
0 0.05681268125772476 0.7385043501853943 0.11362536251544952 0.3690522015094757
0 0.7993924617767334 0.6631202697753906 0.11711406707763672 0.33838754892349243
0 0.32878488302230835 0.4852663576602936 0.09873638302087784 0.3060392141342163
0 0.7643195986747742 0.46526727080345154 0.09441833198070526 0.34693387150764465
0 0.9416112899780273 0.48884955048561096 0.11596298217773438 0.3849731385707855
0 0.7306877374649048 0.8427600264549255 0.1005527526140213 0.3144799470901489
0 0.6507208347320557 0.11130283027887344 0.05935840681195259 0.22069063782691956
0 0.8210340142250061 0.4917649030685425 0.11210842430591583 0.29120296239852905
0 0.4549843966960907 0.27528074383735657 0.10839176177978516 0.22638580203056335
0 0.8352066278457642 0.04560112953186035 0.06728935241699219 0.0912022590637207
0 0.5607344508171082 0.08374448120594025 0.061129823327064514 0.16729581356048584
0 0.1641450673341751 0.4843806028366089 0.07545606791973114 0.4196869730949402
0 0.10324759781360626 0.42387521266937256 0.07959446310997009 0.3257552981376648
0 0.26022258400917053 0.38819074630737305 0.07975349575281143 0.30026009678840637
0 0.1297845095396042 0.21853777766227722 0.0704878494143486 0.2221323698759079
0 0.9760274887084961 0.19775059819221497 0.047486115247011185 0.2688266634941101
0 0.8440185785293579 0.31024935841560364 0.0691143050789833 0.22132913768291473
0 0.0526442788541317 0.5833685398101807 0.1052885577082634 0.34662219882011414
0 0.1608811318874359 0.41855883598327637 0.06739496439695358 0.2837352752685547
0 0.9181140661239624 0.1358710676431656 0.0695648193359375 0.2539496123790741
