0 0.45910006761550903 0.7373217344284058 0.14429226517677307 0.3798573911190033
0 0.7220486998558044 0.7415432333946228 0.14360052347183228 0.39687269926071167
0 0.8403489589691162 0.5565153360366821 0.10315227508544922 0.3640609383583069
0 0.10621423274278641 0.8361867070198059 0.1510123759508133 0.32508495450019836
0 0.03273918479681015 0.10680193454027176 0.06518028676509857 0.21360386908054352
0 0.9662081003189087 0.15692147612571716 0.06722374260425568 0.3131977617740631
0 0.6488520503044128 0.5230364203453064 0.09334830939769745 0.3459973633289337
0 0.2889261245727539 0.62284255027771 0.11145675927400589 0.3574206829071045
0 0.016134772449731827 0.8010216355323792 0.03207704424858093 0.39795657992362976
0 0.7718937993049622 0.6242297887802124 0.07413317263126373 0.3537325859069824
0 0.1420484185218811 0.3520738482475281 0.0886605978012085 0.26338690519332886
0 0.17634449899196625 0.5726235508918762 0.09669168293476105 0.3280026614665985
0 0.845973014831543 0.17498165369033813 0.085601806640625 0.34132620692253113
0 0.5018312931060791 0.5381989479064941 0.07228848338127136 0.3346978425979614
0 0.12954220175743103 0.6730619668960571 0.12415876239538193 0.2833295464515686
0 0.38691627979278564 0.48387610912323 0.09512462466955185 0.3467255234718323
0 0.6142202019691467 0.15239746868610382 0.08895823359489441 0.30479493737220764
0 0.48411884903907776 0.16776728630065918 0.06649608910083771 0.3059632182121277
0 0.8945789337158203 0.14305871725082397 0.08147887885570526 0.28611743450164795
0 0.7669985294342041 0.30816152691841125 0.0805843323469162 0.27181705832481384
0 0.7335624694824219 0.037180427461862564 0.03344796597957611 0.07396132498979568
0 0.29604974389076233 0.15066057443618774 0.05512886121869087 0.22269877791404724
0 0.01790676638484001 0.3626771569252014 0.03581353276968002 0.43006032705307007
0 0.701636016368866 0.38902193307876587 0.06949234008789062 0.3151538670063019
0 0.6483668088912964 0.04271663352847099 0.030849646776914597 0.08503857254981995
0 0.5579290986061096 0.21357326209545135 0.07180515676736832 0.2875191867351532
