0 0.9042150974273682 0.7466428875923157 0.07134494930505753 0.24648424983024597
0 0.630815327167511 0.9432178139686584 0.09451331943273544 0.11309941858053207
0 0.5749099254608154 0.39377182722091675 0.032604727894067764 0.12880967557430267
0 0.5526883006095886 0.5607010722160339 0.051475491374731064 0.17110507190227509
0 0.9339051842689514 0.9250351190567017 0.0699605941772461 0.14862366020679474
0 0.6085078120231628 0.5412871241569519 0.06477527320384979 0.1882484406232834
0 0.5348522067070007 0.39667579531669617 0.03506247326731682 0.14307473599910736
0 0.6795780062675476 0.9462615847587585 0.060369111597537994 0.1061861664056778
0 0.40596312284469604 0.389637291431427 0.03325309604406357 0.14906176924705505
0 0.8923348784446716 0.5453416109085083 0.04294528812170029 0.1771336942911148
