0 0.9199773073196411 0.6819093227386475 0.1109556183218956 0.3268924355506897
0 0.6539392471313477 0.5033228993415833 0.13168105483055115 0.4176558554172516
0 0.06683013588190079 0.5909290313720703 0.12875200808048248 0.3517906069755554
0 0.7864118218421936 0.8649963140487671 0.10286350548267365 0.26954761147499084
0 0.11024148017168045 0.3374975025653839 0.11337919533252716 0.3439604938030243
0 0.025255834683775902 0.15948839485645294 0.05036967620253563 0.3189767897129059
0 0.22534888982772827 0.8150161504745483 0.12374858558177948 0.36890360713005066
0 0.5138723254203796 0.6900242567062378 0.10701806098222733 0.35522130131721497
0 0.5612363815307617 0.18501217663288116 0.08944069594144821 0.3087688386440277
0 0.28427356481552124 0.2734430432319641 0.09881892055273056 0.34303003549575806
0 0.3796314001083374 0.11744431406259537 0.09814955294132233 0.23424454033374786
0 0.35474738478660583 0.575218141078949 0.10951223224401474 0.3566018044948578
0 0.8897013068199158 0.5127694606781006 0.12294063717126846 0.341109961271286
0 0.4362127184867859 0.5273396968841553 0.09138889610767365 0.3298964202404022
0 0.7912782430648804 0.36514365673065186 0.07906265556812286 0.3440990447998047
0 0.45295315980911255 0.8318977355957031 0.08494357764720917 0.3250424265861511
0 0.8630695343017578 0.31311967968940735 0.10859031975269318 0.3333152234554291
0 0.40210485458374023 0.8761203289031982 0.09552326053380966 0.24775925278663635
0 0.7055143117904663 0.12800221145153046 0.0859302505850792 0.2557544410228729
0 0.4107515215873718 0.30529099702835083 0.08632802963256836 0.27481308579444885
0 0.43610695004463196 0.19112886488437653 0.07981837540864944 0.3068111836910248
0 0.22939208149909973 0.6912472248077393 0.14406844973564148 0.34658682346343994
0 0.6105986833572388 0.19930702447891235 0.09807675331830978 0.29526084661483765
0 0.6374230980873108 0.26407524943351746 0.08861757814884186 0.21960844099521637
0 0.12272445112466812 0.10589063167572021 0.082800954580307 0.21178126335144043
0 0.6940392851829529 0.375235378742218 0.0620458610355854 0.2797616124153137
0 0.7840920686721802 0.16933241486549377 0.07160472869873047 0.17970803380012512
0 0.20910364389419556 0.4391605257987976 0.09506078064441681 0.20817896723747253
