0 0.3283531367778778 0.5764591097831726 0.054773710668087006 0.21597112715244293
0 0.8146489858627319 0.5599222779273987 0.03883705288171768 0.11737925559282303
0 0.8840487003326416 0.4664970338344574 0.02543201483786106 0.09995070844888687
0 0.8483079671859741 0.46372511982917786 0.03502311557531357 0.10266024619340897
0 0.7337249517440796 0.34381312131881714 0.021199990063905716 0.06331850588321686
0 0.4635447561740875 0.21478882431983948 0.028964614495635033 0.09445640444755554
0 0.9596063494682312 0.4695349335670471 0.027370071038603783 0.08201777189970016
0 0.9138211607933044 0.41412225365638733 0.020963096991181374 0.06982740014791489
0 0.8912498950958252 0.3294583559036255 0.017409514635801315 0.053027067333459854
0 0.8186384439468384 0.43725866079330444 0.030414963141083717 0.09491411596536636
