0 0.832661509513855 0.7627002000808716 0.1366584748029709 0.368773490190506
0 0.317454069852829 0.8667092323303223 0.13529051840305328 0.26527276635169983
0 0.579593300819397 0.6505661010742188 0.12453842163085938 0.4236203134059906
0 0.46714097261428833 0.8219811320304871 0.1073823943734169 0.35530880093574524
0 0.6674879789352417 0.6891729831695557 0.12188720703125 0.3701629340648651
0 0.8888809084892273 0.6329758167266846 0.134918212890625 0.37713274359703064
0 0.7415469884872437 0.8961754441261292 0.13789361715316772 0.20643514394760132
0 0.17808525264263153 0.603337287902832 0.11742599308490753 0.3698318600654602
0 0.08233652263879776 0.7787684798240662 0.13102833926677704 0.38385871052742004
0 0.44759833812713623 0.19822558760643005 0.08352212607860565 0.3133196532726288
0 0.14607733488082886 0.7470731735229492 0.11032412201166153 0.3658709228038788
0 0.38439497351646423 0.3736838102340698 0.10651674121618271 0.3077302873134613
0 0.966448187828064 0.7574201226234436 0.06661224365234375 0.34781768918037415
0 0.5013540983200073 0.6272081732749939 0.09578504413366318 0.410317063331604
0 0.0295290295034647 0.5705494284629822 0.0590580590069294 0.3468838632106781
0 0.7491762638092041 0.6213750839233398 0.11119493097066879 0.4019871652126312
0 0.23247236013412476 0.5234934687614441 0.09789236634969711 0.3281927704811096
0 0.35852140188217163 0.6412084698677063 0.14993086457252502 0.3587290048599243
0 0.9805441498756409 0.14238952100276947 0.03847141191363335 0.2656165361404419
0 0.9122932553291321 0.1596541702747345 0.0723087340593338 0.2982451617717743
0 0.30008915066719055 0.5577347874641418 0.0661650002002716 0.3701072633266449
0 0.7484651207923889 0.20778147876262665 0.07490577548742294 0.2955795228481293
0 0.5041095018386841 0.27518439292907715 0.0819818526506424 0.3011802136898041
0 0.103117436170578 0.4815574586391449 0.08569809049367905 0.3082553744316101
0 0.6584622263908386 0.1467045545578003 0.10771866142749786 0.2934091091156006
0 0.4699479937553406 0.0519462414085865 0.08956718444824219 0.103892482817173
0 0.8257433176040649 0.46759194135665894 0.07710494846105576 0.22611954808235168
0 0.22198539972305298 0.25070708990097046 0.0747000202536583 0.21996742486953735
