0 0.6641863584518433 0.9546111822128296 0.06006859615445137 0.06365127861499786
0 0.8554946184158325 0.9388429522514343 0.05177900567650795 0.05331764370203018
0 0.7883884310722351 0.9267276525497437 0.07299330085515976 0.0592777244746685
0 0.34387147426605225 0.37766262888908386 0.03009897843003273 0.04418875277042389
0 0.5242555737495422 0.4000066816806793 0.03899117931723595 0.03861970826983452
0 0.583495557308197 0.8964487314224243 0.05302361398935318 0.052251435816287994
0 0.9225867390632629 0.25536173582077026 0.04660627618432045 0.06288111954927444
0 0.7780113220214844 0.8425689935684204 0.0722520649433136 0.05530242994427681
0 0.3122399151325226 0.7658684253692627 0.054250337183475494 0.0634532943367958
0 0.7152432203292847 0.8733609914779663 0.0579189732670784 0.053260039538145065
0 0.2308904081583023 0.23323535919189453 0.03856513276696205 0.04288129881024361
0 0.06890665739774704 0.8251527547836304 0.1248653307557106 0.07348861545324326
