0 0.5853360891342163 0.5967592597007751 0.14104881882667542 0.3303283154964447
0 0.7107056379318237 0.9059943556785583 0.16277655959129333 0.18662694096565247
0 0.24930867552757263 0.8181443810462952 0.1732085645198822 0.362221360206604
0 0.7825394868850708 0.6601442694664001 0.12337207794189453 0.3445686399936676
0 0.915732204914093 0.34990233182907104 0.12768593430519104 0.3653939962387085
0 0.3918090760707855 0.8922990560531616 0.14051656424999237 0.21400383114814758
0 0.5328956842422485 0.8711482286453247 0.09995972365140915 0.25638547539711
0 0.694015383720398 0.3801383674144745 0.13106155395507812 0.3235243856906891
0 0.8059911727905273 0.39894604682922363 0.0988437682390213 0.3327650725841522
0 0.06051205098628998 0.47821956872940063 0.09905920177698135 0.3820611834526062
0 0.35427770018577576 0.5153802037239075 0.10269336402416229 0.3344327211380005
0 0.4277947247028351 0.6106384992599487 0.08806715160608292 0.34850242733955383
0 0.17214976251125336 0.6275821924209595 0.09604766219854355 0.36559686064720154
0 0.6642018556594849 0.8183413147926331 0.10532817989587784 0.25772625207901
0 0.4423321783542633 0.31193044781684875 0.1123415008187294 0.33439597487449646
0 0.03685760125517845 0.685517430305481 0.0737152025103569 0.4021621346473694
0 0.2712404131889343 0.4512646198272705 0.11459033936262131 0.3698551654815674
0 0.45847684144973755 0.10944099724292755 0.09616546332836151 0.2186925709247589
0 0.6115147471427917 0.2043728083372116 0.07429542392492294 0.2821968197822571
0 0.13404053449630737 0.1125558540225029 0.09258104860782623 0.22442136704921722
0 0.11653253436088562 0.5093924403190613 0.07231975346803665 0.39071425795555115
0 0.8564506769180298 0.2552928924560547 0.08802871406078339 0.2991061806678772
0 0.9727519750595093 0.5821406245231628 0.05343322828412056 0.2422429472208023
0 0.5547987818717957 0.07797352969646454 0.06829509884119034 0.15594705939292908
