0 0.711347222328186 0.6674118041992188 0.0463702529668808 0.12742410600185394
0 0.7844780087471008 0.565274178981781 0.0397491455078125 0.13470332324504852
0 0.5998876094818115 0.6906580328941345 0.0745302215218544 0.16927388310432434
0 0.47815069556236267 0.6349073052406311 0.03991861268877983 0.20448358356952667
0 0.8063421845436096 0.3985338509082794 0.03137855604290962 0.09129013121128082
0 0.7465731501579285 0.5908241868019104 0.0388348251581192 0.13263829052448273
0 0.4504775106906891 0.33892765641212463 0.03778209537267685 0.10675188899040222
0 0.19862021505832672 0.1833723932504654 0.034910645335912704 0.1306765079498291
0 0.32150182127952576 0.2474553883075714 0.030801773071289062 0.14383916556835175
0 0.3357090950012207 0.5154085159301758 0.04988384246826172 0.15404967963695526
0 0.8350030779838562 0.610487699508667 0.062448881566524506 0.13028068840503693
0 0.8658868670463562 0.559553861618042 0.03274231031537056 0.13204273581504822
0 0.2214263379573822 0.1812727004289627 0.02936248853802681 0.14331072568893433
0 0.059083979576826096 0.45255061984062195 0.06662006676197052 0.2450617402791977
