0 0.8874425888061523 0.7700140476226807 0.1495891511440277 0.419221967458725
0 0.5071173906326294 0.8042106032371521 0.15460911393165588 0.39075547456741333
0 0.6987904906272888 0.8296133875846863 0.11952801048755646 0.34006115794181824
0 0.2419988065958023 0.9404054284095764 0.11214995384216309 0.1182762160897255
0 0.3977740705013275 0.38730379939079285 0.10361967235803604 0.3380776643753052
0 0.18159666657447815 0.4471701681613922 0.10027898848056793 0.3083488345146179
0 0.9474428296089172 0.2635571360588074 0.09684447944164276 0.34141650795936584
0 0.735543966293335 0.5460700988769531 0.08883228152990341 0.3599075376987457
0 0.1631012260913849 0.16229194402694702 0.08034529536962509 0.28626689314842224
0 0.27097082138061523 0.3021831810474396 0.08072738349437714 0.3417818546295166
0 0.9376114010810852 0.10614306479692459 0.08986206352710724 0.21228612959384918
0 0.8267071843147278 0.3168696463108063 0.10162664949893951 0.34615394473075867
0 0.2509145140647888 0.8595598936080933 0.10567701607942581 0.27040812373161316
0 0.5892450213432312 0.7360725998878479 0.10412140190601349 0.33819451928138733
0 0.3894208073616028 0.937640368938446 0.09206104278564453 0.12324990332126617
0 0.19462299346923828 0.7645701169967651 0.09243755042552948 0.35351330041885376
0 0.08056064695119858 0.13986964523792267 0.07097399979829788 0.27650344371795654
0 0.24093852937221527 0.14982417225837708 0.08440888673067093 0.29964834451675415
0 0.6786882877349854 0.32434889674186707 0.08408088982105255 0.3133019804954529
0 0.607862114906311 0.4073219299316406 0.1018485352396965 0.18766337633132935
0 0.022066084668040276 0.641274094581604 0.04406046122312546 0.2774754464626312
0 0.4826425015926361 0.5513250827789307 0.08284702152013779 0.23054173588752747
0 0.017155665904283524 0.25068286061286926 0.03420330211520195 0.28387361764907837
0 0.019091762602329254 0.31345951557159424 0.038023483008146286 0.3965938091278076
