0 0.5036687850952148 0.6558012366294861 0.06587295234203339 0.1812034547328949
0 0.768868088722229 0.42383405566215515 0.024820709601044655 0.0877910628914833
0 0.7299733757972717 0.40754419565200806 0.02135823480784893 0.08278261870145798
0 0.9063470959663391 0.3762015104293823 0.02015075646340847 0.060543421655893326
0 0.7274678349494934 0.3124222457408905 0.017011260613799095 0.0618489570915699
0 0.13907364010810852 0.5177879929542542 0.06480439007282257 0.21382051706314087
0 0.8442968726158142 0.40151315927505493 0.021012306213378906 0.07822011411190033
0 0.8696540594100952 0.40670105814933777 0.022568130865693092 0.08711124211549759
0 0.8248052597045898 0.39947912096977234 0.02643737755715847 0.09272477775812149
0 0.6426643133163452 0.25336483120918274 0.01696249656379223 0.05206241458654404
0 0.2224079668521881 0.5208117365837097 0.045412443578243256 0.233967587351799
