0 0.36261850595474243 0.8427687883377075 0.03841409832239151 0.11821119487285614
0 0.7059133052825928 0.5763861536979675 0.02620220184326172 0.09081713110208511
0 0.46612003445625305 0.8055391311645508 0.02552213706076145 0.08777440339326859
0 0.49434852600097656 0.8123350143432617 0.025609875097870827 0.12551753222942352
0 0.5338365435600281 0.7989166975021362 0.02787911146879196 0.10495961457490921
0 0.4122408926486969 0.8480414748191833 0.02905292436480522 0.10190404206514359
0 0.6967771649360657 0.6961234211921692 0.028802108019590378 0.1280428171157837
0 0.2824244201183319 0.8361328840255737 0.03305864334106445 0.11166941374540329
0 0.7604390978813171 0.6436982750892639 0.021554946899414062 0.07438735663890839
0 0.5661571621894836 0.8285532593727112 0.0316593162715435 0.09645386040210724
0 0.5543357729911804 0.7711790204048157 0.024866675958037376 0.08283750712871552
0 0.6287974119186401 0.6848071217536926 0.01954326592385769 0.07305323332548141
0 0.4361581802368164 0.7932639122009277 0.020691871643066406 0.08201929926872253
0 0.48427480459213257 0.7281173467636108 0.032396696507930756 0.07033538818359375
0 0.6620769500732422 0.7027198672294617 0.03913656994700432 0.12405852973461151
