0 0.1440858095884323 0.8056445717811584 0.0597865991294384 0.20779427886009216
0 0.4247078597545624 0.9642293453216553 0.04484205320477486 0.07055824995040894
0 0.47819384932518005 0.7197533249855042 0.04022826999425888 0.15399928390979767
0 0.11536585539579391 0.5216556191444397 0.02458655834197998 0.1106238067150116
0 0.582359254360199 0.8254009485244751 0.10542907565832138 0.21509280800819397
0 0.02821885608136654 0.5407868027687073 0.04678774252533913 0.14439964294433594
0 0.9634548425674438 0.8168188333511353 0.07113532721996307 0.2690093517303467
0 0.16872058808803558 0.5388900637626648 0.04253687709569931 0.1775665283203125
0 0.21554994583129883 0.5924405455589294 0.03746633604168892 0.14188943803310394
0 0.6172173619270325 0.7718373537063599 0.03367290645837784 0.1099499985575676
0 0.383015513420105 0.6452363133430481 0.03972310945391655 0.12090326845645905
0 0.25363102555274963 0.5682992339134216 0.025394629687070847 0.121368408203125
