0 0.21227459609508514 0.8573528528213501 0.15844424068927765 0.28378474712371826
0 0.8055099248886108 0.8126106858253479 0.13612250983715057 0.3709826171398163
0 0.8117837309837341 0.3333137631416321 0.13508395850658417 0.3108304440975189
0 0.07547508180141449 0.5430799722671509 0.13218849897384644 0.3896580934524536
0 0.7545188665390015 0.1479697972536087 0.09176025539636612 0.2959395945072174
0 0.582170844078064 0.641076385974884 0.1219606101512909 0.35047557950019836
0 0.8734341859817505 0.127476304769516 0.07936497032642365 0.254952609539032
0 0.29477816820144653 0.7669511437416077 0.09458961337804794 0.31463444232940674
0 0.22891516983509064 0.42197003960609436 0.13218526542186737 0.35582172870635986
0 0.4225444793701172 0.4342263638973236 0.13614186644554138 0.37929433584213257
0 0.8706124424934387 0.5181872248649597 0.08615283668041229 0.29838892817497253
0 0.5053607225418091 0.13538901507854462 0.08022861182689667 0.27077803015708923
0 0.3156771957874298 0.2277706414461136 0.09446859359741211 0.31152424216270447
0 0.6209104657173157 0.2062634378671646 0.09737472236156464 0.33412203192710876
0 0.9178224802017212 0.41185176372528076 0.07479286193847656 0.3354022204875946
0 0.10474993288516998 0.27324095368385315 0.09094712883234024 0.2948419451713562
0 0.4298692047595978 0.13116280734539032 0.08031568676233292 0.26232561469078064
0 0.3587908446788788 0.1459490805864334 0.06574621051549911 0.2918981611728668
0 0.9659894704818726 0.38235485553741455 0.06691360473632812 0.29018446803092957
0 0.5995034575462341 0.21796739101409912 0.1387184113264084 0.30776840448379517
0 0.5550929307937622 0.4716476500034332 0.11776110529899597 0.26655399799346924
0 0.23565426468849182 0.14695507287979126 0.07963849604129791 0.20912648737430573
0 0.02005048654973507 0.467338889837265 0.04001811519265175 0.3753703534603119
