0 0.7208878397941589 0.7446621656417847 0.026905272156000137 0.15422631800174713
0 0.8151636123657227 0.5413249135017395 0.0223659947514534 0.0926957055926323
0 0.8973413109779358 0.7437543272972107 0.02279696986079216 0.10558802634477615
0 0.7301168441772461 0.5297912955284119 0.02304619736969471 0.09744572639465332
0 0.6986032128334045 0.3809049129486084 0.023962317034602165 0.07695664465427399
0 0.8431724309921265 0.7867507338523865 0.02707790769636631 0.09313458949327469
0 0.9397163987159729 0.7229133248329163 0.02449696883559227 0.09040197730064392
0 0.7222915887832642 0.7577055096626282 0.022627810016274452 0.1266549676656723
0 0.9426008462905884 0.8379791378974915 0.022971004247665405 0.11662798374891281
0 0.8053018450737 0.2746688723564148 0.0192396380007267 0.08270271122455597
0 0.7582847476005554 0.672633707523346 0.0198644008487463 0.09793774783611298
0 0.8879045248031616 0.5527960062026978 0.02172546461224556 0.09457114338874817
0 0.7651312351226807 0.5698292255401611 0.02111036516726017 0.08350315690040588
