0 0.030853623524308205 0.897252082824707 0.06133822351694107 0.20392075181007385
0 0.7697181701660156 0.8333975076675415 0.05496896058320999 0.2228291779756546
0 0.6218851804733276 0.8635205030441284 0.05430545657873154 0.21198950707912445
0 0.5416768193244934 0.7619528770446777 0.04920787736773491 0.20661137998104095
0 0.7097622156143188 0.7067596316337585 0.04486884921789169 0.17742207646369934
0 0.5814982652664185 0.4046644866466522 0.03483365476131439 0.12028732150793076
0 0.6723725199699402 0.4585358500480652 0.03433418273925781 0.11569557338953018
0 0.03597710654139519 0.5877721309661865 0.03891711309552193 0.15181605517864227
0 0.08171966671943665 0.5501028895378113 0.042470213025808334 0.15058669447898865
0 0.23375844955444336 0.7285967469215393 0.04273786395788193 0.15474192798137665
0 0.6051549911499023 0.688467264175415 0.04923401027917862 0.15708360075950623
0 0.835595965385437 0.9345282912254333 0.08205871284008026 0.12805107235908508
0 0.1208956241607666 0.722655713558197 0.06265335530042648 0.16488902270793915
0 0.38564005494117737 0.4569583535194397 0.028184890747070312 0.1270773559808731
0 0.7013999223709106 0.4281748831272125 0.03639666363596916 0.1216258555650711
0 0.2766726613044739 0.3056079149246216 0.0261036716401577 0.10405983030796051
0 0.8722509145736694 0.7752441167831421 0.031995393335819244 0.15422053635120392
0 0.8487412333488464 0.8524048924446106 0.06094322353601456 0.11492598056793213
0 0.09953522682189941 0.648879885673523 0.05099523067474365 0.15007145702838898
