0 0.8277532458305359 0.906326949596405 0.053591538220644 0.18734614551067352
0 0.7036603689193726 0.605344295501709 0.042195893824100494 0.16178525984287262
0 0.07605453580617905 0.7363074421882629 0.056826721876859665 0.17861200869083405
0 0.5386587977409363 0.44662758708000183 0.03327414020895958 0.12237531691789627
0 0.6410008668899536 0.6677027940750122 0.04292697831988335 0.15992681682109833
0 0.5701895356178284 0.8701319098472595 0.056783486157655716 0.21074244379997253
0 0.14817091822624207 0.5474413633346558 0.034269094467163086 0.13939730823040009
0 0.17992299795150757 0.7340667843818665 0.0643482655286789 0.19116973876953125
0 0.024814007803797722 0.6455808281898499 0.049628015607595444 0.15849915146827698
0 0.8005382418632507 0.769741415977478 0.053628984838724136 0.16557346284389496
0 0.8636558651924133 0.7802900671958923 0.035724639892578125 0.16423450410366058
0 0.0610862597823143 0.554123044013977 0.05757167190313339 0.1580556184053421
0 0.23767170310020447 0.5751216411590576 0.03779001161456108 0.1403013914823532
0 0.6043537259101868 0.944183886051178 0.0717746764421463 0.11118867993354797
0 0.8806613683700562 0.947542667388916 0.07014389336109161 0.10393117368221283
