0 0.9359560012817383 0.7189158797264099 0.11470985412597656 0.38870471715927124
0 0.8560428619384766 0.8597038984298706 0.11519050598144531 0.2796933352947235
0 0.2722262442111969 0.884851336479187 0.09861469268798828 0.22909393906593323
0 0.9648980498313904 0.19993999600410461 0.06990985572338104 0.39987999200820923
0 0.7825758457183838 0.19741836190223694 0.09449596703052521 0.32379603385925293
0 0.8681507110595703 0.39985325932502747 0.13825759291648865 0.36122971773147583
0 0.5971216559410095 0.6803332567214966 0.09063758701086044 0.4101225435733795
0 0.5318752527236938 0.6234160661697388 0.09728256613016129 0.3934725522994995
0 0.2746097445487976 0.25275275111198425 0.09414634853601456 0.32962048053741455
0 0.6872509121894836 0.3403432369232178 0.08746827393770218 0.3217706084251404
0 0.26463329792022705 0.7165758609771729 0.12066977471113205 0.36815375089645386
0 0.7238914966583252 0.14393529295921326 0.053898368030786514 0.28741931915283203
0 0.05965930223464966 0.40434977412223816 0.10036204010248184 0.2738068103790283
0 0.46770477294921875 0.4783792197704315 0.07965564727783203 0.3178213834762573
0 0.1292921006679535 0.7664843797683716 0.11004839837551117 0.32913967967033386
0 0.5918206572532654 0.17341755330562592 0.08161334693431854 0.3196069300174713
0 0.39640504121780396 0.6324160099029541 0.08555135875940323 0.36040544509887695
0 0.5548156499862671 0.3514978289604187 0.08974571526050568 0.22087323665618896
0 0.14169476926326752 0.8011713027954102 0.1323845535516739 0.39688223600387573
0 0.08145078271627426 0.5638351440429688 0.08758900314569473 0.24261626601219177
0 0.6296279430389404 0.5120818018913269 0.06592635810375214 0.25461986660957336
0 0.16555112600326538 0.37478795647621155 0.14820437133312225 0.3877774477005005
0 0.6568097472190857 0.10115741193294525 0.09280688315629959 0.2023148238658905
