0 0.33699846267700195 0.8613588213920593 0.03477535396814346 0.10871802270412445
0 0.4974397122859955 0.8174763917922974 0.033308885991573334 0.11874330043792725
0 0.3857322037220001 0.8526454567909241 0.026668135076761246 0.10293985903263092
0 0.2985228896141052 0.7954230308532715 0.03129567950963974 0.10097122192382812
0 0.36225268244743347 0.7553243041038513 0.02678499184548855 0.10346628725528717
0 0.7055997252464294 0.5735887885093689 0.031157048419117928 0.09087880700826645
0 0.46329277753829956 0.8148374557495117 0.026984596624970436 0.07863514870405197
0 0.5369958877563477 0.8463492393493652 0.04365844652056694 0.12911401689052582
0 0.4119650721549988 0.8489854335784912 0.02890758588910103 0.09924037009477615
0 0.4933934211730957 0.6486927270889282 0.019654655829072 0.07967007905244827
0 0.08468876779079437 0.4975512623786926 0.02463970147073269 0.08277943730354309
0 0.014623870141804218 0.5312249660491943 0.021614309400320053 0.07476717978715897
0 0.5229891538619995 0.7625895142555237 0.024270979687571526 0.0630846694111824
0 0.12025100737810135 0.4841095507144928 0.02548210695385933 0.0750475600361824
