0 0.5146837830543518 0.656336784362793 0.16725902259349823 0.3384699523448944
0 0.27326834201812744 0.8585138916969299 0.12015756219625473 0.2823244631290436
0 0.41235479712486267 0.4576162099838257 0.12349538505077362 0.3795677125453949
0 0.8146612644195557 0.7682467699050903 0.1419534683227539 0.3888634443283081
0 0.18314024806022644 0.41828519105911255 0.11446086317300797 0.3489116132259369
0 0.9348338842391968 0.42431944608688354 0.10885009914636612 0.3233581483364105
0 0.7504324316978455 0.14303191006183624 0.09621524810791016 0.2860638201236725
0 0.20774325728416443 0.7705614566802979 0.09329501539468765 0.3050910532474518
0 0.12989088892936707 0.5121156573295593 0.12427939474582672 0.3510878384113312
0 0.5989648699760437 0.5004737973213196 0.1295326203107834 0.3422813415527344
0 0.8960046768188477 0.09976223111152649 0.08767547458410263 0.19952446222305298
0 0.8266071677207947 0.495080828666687 0.07744026184082031 0.23440200090408325
0 0.25670990347862244 0.34336236119270325 0.09274573624134064 0.3533104360103607
0 0.8648093938827515 0.3766217827796936 0.12366905063390732 0.3686545491218567
0 0.10954448580741882 0.268390953540802 0.09432467818260193 0.28573012351989746
0 0.347701758146286 0.23342584073543549 0.07317256927490234 0.3029630482196808
0 0.18812774121761322 0.026043815538287163 0.09650729596614838 0.052087631076574326
0 0.5701361298561096 0.40705302357673645 0.0942903533577919 0.36464983224868774
0 0.5042926669120789 0.11461924761533737 0.06994187086820602 0.22842247784137726
0 0.039221957325935364 0.44155946373939514 0.07844391465187073 0.43900230526924133
0 0.6671988368034363 0.1373996138572693 0.0755067840218544 0.27328598499298096
0 0.10777220875024796 0.5108983516693115 0.07769753783941269 0.3522440493106842
0 0.4836982786655426 0.3736335337162018 0.08534307777881622 0.28042635321617126
