0 0.8156930208206177 0.831179141998291 0.210357666015625 0.33584102988243103
0 0.5941598415374756 0.8338470458984375 0.10243930667638779 0.3237875998020172
0 0.03286129981279373 0.8571692705154419 0.06561566889286041 0.2787926495075226
0 0.04868153855204582 0.8335868716239929 0.09352229535579681 0.33190426230430603
0 0.16876184940338135 0.8197722434997559 0.11487364768981934 0.35108593106269836
0 0.3235130310058594 0.8207622170448303 0.14621487259864807 0.3555067181587219
0 0.6525803804397583 0.8020787835121155 0.07927246391773224 0.3877560496330261
0 0.9306901693344116 0.8312065005302429 0.13809624314308167 0.32503610849380493
0 0.5086652636528015 0.8365805149078369 0.08420095592737198 0.3178568482398987
0 0.22526267170906067 0.7681097388267517 0.061898089945316315 0.3549560606479645
0 0.13377633690834045 0.7790177464485168 0.07809577882289886 0.42791831493377686
0 0.45335397124290466 0.7554689049720764 0.06652335822582245 0.2751193046569824
0 0.5598019361495972 0.7144724726676941 0.06891441345214844 0.20993545651435852
0 0.9781478643417358 0.723210334777832 0.04331989213824272 0.22702518105506897
