0 0.837847113609314 0.8331599831581116 0.1470344513654709 0.333324134349823
0 0.5249395370483398 0.8617457151412964 0.108428955078125 0.27466556429862976
0 0.5830644965171814 0.6961767673492432 0.12347058951854706 0.41103705763816833
0 0.3323398530483246 0.8367839455604553 0.10135030746459961 0.3255869150161743
0 0.230560302734375 0.6509911417961121 0.11542586982250214 0.38699454069137573
0 0.9216181635856628 0.8811579942703247 0.10616588592529297 0.23667585849761963
0 0.6452077031135559 0.6425356268882751 0.09630374610424042 0.3755251467227936
0 0.48167067766189575 0.6755437850952148 0.09431858360767365 0.36154910922050476
0 0.30383461713790894 0.4648211598396301 0.10916914790868759 0.37763264775276184
0 0.8124509453773499 0.17364944517612457 0.07231692969799042 0.276374489068985
0 0.8069188594818115 0.5808727741241455 0.1175222396850586 0.40101876854896545
0 0.09200078994035721 0.6728216409683228 0.10731716454029083 0.3453490734100342
0 0.8763217926025391 0.6701765656471252 0.14249420166015625 0.23466771841049194
0 0.4051719605922699 0.5554583072662354 0.08544616401195526 0.34850943088531494
0 0.7421103715896606 0.2990790009498596 0.09414240717887878 0.31662607192993164
0 0.6113770604133606 0.13206656277179718 0.08662281185388565 0.26413312554359436
0 0.9567076563835144 0.23941552639007568 0.08609294891357422 0.4753345847129822
0 0.7092675566673279 0.6142842769622803 0.08731250464916229 0.38611114025115967
0 0.050112418830394745 0.521482527256012 0.10022483766078949 0.45365816354751587
0 0.14865843951702118 0.5389032959938049 0.09661826491355896 0.3533335030078888
0 0.9813469052314758 0.1722218245267868 0.03678550571203232 0.3444436490535736
0 0.340180903673172 0.1895660012960434 0.07995424419641495 0.2961288094520569
0 0.5387807488441467 0.05183209478855133 0.08652963489294052 0.10358373820781708
0 0.6757923364639282 0.39580222964286804 0.1064748764038086 0.15202488005161285
