0 0.3282943069934845 0.7974779605865479 0.054430197924375534 0.18532498180866241
0 0.783880889415741 0.9143878221511841 0.08227494359016418 0.1686759889125824
0 0.3320056200027466 0.657699465751648 0.04505866393446922 0.13289006054401398
0 0.11259448528289795 0.765889585018158 0.05695824697613716 0.19055019319057465
0 0.053638096898794174 0.6952141523361206 0.06801524758338928 0.1716516762971878
0 0.9656120538711548 0.8871513605117798 0.06755027920007706 0.17469888925552368
0 0.5516680479049683 0.7700245976448059 0.06976566463708878 0.14992015063762665
0 0.23142090439796448 0.5889545679092407 0.033781908452510834 0.13994929194450378
0 0.401249498128891 0.633350133895874 0.03706207126379013 0.13655395805835724
0 0.13334204256534576 0.5580650568008423 0.03153672069311142 0.12266197055578232
0 0.9629184603691101 0.3529626727104187 0.027877425774931908 0.08937013149261475
0 0.5390834808349609 0.9740795493125916 0.04558372497558594 0.050248462706804276
0 0.8337464928627014 0.8743177652359009 0.04946956783533096 0.19192734360694885
0 0.17496941983699799 0.5627335906028748 0.029111910611391068 0.11321461945772171
0 0.5795150399208069 0.6474823951721191 0.034128569066524506 0.12133929133415222
0 0.20090419054031372 0.538137674331665 0.02697582170367241 0.12082676589488983
