0 0.09801527857780457 0.46443700790405273 0.07311268150806427 0.2748570144176483
0 0.5871528387069702 0.4386693239212036 0.02731342241168022 0.09763544052839279
0 0.6875797510147095 0.44033583998680115 0.027283668518066406 0.11254438012838364
0 0.23179133236408234 0.18212877213954926 0.0545894131064415 0.15823383629322052
0 0.17184069752693176 0.14570608735084534 0.028455685824155807 0.15544843673706055
0 0.6155242323875427 0.6463512182235718 0.032562509179115295 0.11856003105640411
0 0.5036005973815918 0.6081798672676086 0.04978027194738388 0.12470270693302155
0 0.11414532363414764 0.11507880687713623 0.03425879403948784 0.14365822076797485
0 0.28069353103637695 0.5017871260643005 0.04664009436964989 0.14548860490322113
0 0.8062754273414612 0.36539769172668457 0.01958618126809597 0.0773019790649414
0 0.5838862061500549 0.6459832787513733 0.04510612413287163 0.10963542014360428
0 0.38691985607147217 0.5531576871871948 0.03580964356660843 0.12086944282054901
0 0.868094265460968 0.4568866193294525 0.027139853686094284 0.10564740747213364
0 0.28104132413864136 0.5318477153778076 0.04735927656292915 0.20569729804992676
0 0.43854209780693054 0.5905712246894836 0.08812208473682404 0.13795064389705658
