0 0.3424876034259796 0.8393803834915161 0.14262421429157257 0.3200266659259796
0 0.43474912643432617 0.6570042967796326 0.1614210158586502 0.39290979504585266
0 0.682806670665741 0.7470037937164307 0.10269717872142792 0.36938777565956116
0 0.5530824661254883 0.47162044048309326 0.12912040948867798 0.3352617919445038
0 0.6110694408416748 0.37282443046569824 0.11537958681583405 0.3465447723865509
0 0.264859676361084 0.6877214312553406 0.11073730885982513 0.3888717591762543
0 0.19991804659366608 0.8181964159011841 0.13056059181690216 0.36170780658721924
0 0.41934120655059814 0.1824573129415512 0.10784950107336044 0.2702654004096985
0 0.047096893191337585 0.7350042462348938 0.09419378638267517 0.37523800134658813
0 0.9522683620452881 0.6970472931861877 0.09476375579833984 0.44090500473976135
0 0.6141258478164673 0.9756856560707092 0.054712675511837006 0.047550711780786514
0 0.8468068242073059 0.8922554850578308 0.1740715652704239 0.21403487026691437
0 0.24953904747962952 0.17238454520702362 0.09653405845165253 0.3183324933052063
0 0.8537623286247253 0.5204097032546997 0.09499664604663849 0.38401883840560913
0 0.07613950222730637 0.6332318782806396 0.13115087151527405 0.34193938970565796
0 0.7621726989746094 0.4772443175315857 0.1220012679696083 0.3298129737377167
0 0.4848487079143524 0.36796820163726807 0.10032959282398224 0.38702884316444397
0 0.6677011847496033 0.0880078673362732 0.09291934967041016 0.1760157346725464
0 0.11009619385004044 0.5612740516662598 0.09484537690877914 0.3411486744880676
0 0.8819724917411804 0.30409321188926697 0.12004204094409943 0.3148355484008789
0 0.9590305089950562 0.19766460359096527 0.07992706447839737 0.3285452127456665
0 0.8168860077857971 0.05902787297964096 0.06641940772533417 0.11805574595928192
0 0.20595143735408783 0.12821964919567108 0.056532397866249084 0.25643929839134216
0 0.8135389685630798 0.8926283121109009 0.10756511986255646 0.21360787749290466
0 0.8017197251319885 0.6944038271903992 0.12583541870117188 0.29915234446525574
0 0.10246638208627701 0.9449306726455688 0.11177188903093338 0.10878024995326996
0 0.14214356243610382 0.3759569823741913 0.12194018065929413 0.27958399057388306
0 0.7235957980155945 0.0533226877450943 0.06874649971723557 0.1066453754901886
0 0.8136913180351257 0.7434468865394592 0.14851270616054535 0.20840302109718323
0 0.13992740213871002 0.1756339967250824 0.08563701808452606 0.2784996032714844
0 0.16898223757743835 0.8855317831039429 0.09734370559453964 0.22697271406650543
0 0.5980445742607117 0.11984536796808243 0.08886165916919708 0.23881055414676666
0 0.10008029639720917 0.27765125036239624 0.07800260931253433 0.23707498610019684
0 0.4600518047809601 0.07854797691106796 0.06499318778514862 0.15709595382213593
