0 0.25420355796813965 0.799464762210846 0.12830057740211487 0.3886948823928833
0 0.9320226311683655 0.59989994764328 0.13057461380958557 0.3857932984828949
0 0.419387549161911 0.776967465877533 0.1447829306125641 0.3548593819141388
0 0.10557232797145844 0.4913792610168457 0.15542861819267273 0.37305593490600586
0 0.6334181427955627 0.7606090307235718 0.11911309510469437 0.3943730294704437
0 0.2619037628173828 0.3489033877849579 0.11472010612487793 0.36954089999198914
0 0.8364415764808655 0.2722155749797821 0.11770115047693253 0.3199522793292999
0 0.8605104088783264 0.85986328125 0.13051128387451172 0.27924269437789917
0 0.1632278859615326 0.8546524047851562 0.1347358673810959 0.2906951904296875
0 0.16714482009410858 0.324706494808197 0.09585265815258026 0.3598020672798157
0 0.3899703323841095 0.17751054465770721 0.08141537010669708 0.29529476165771484
0 0.18884268403053284 0.3069092929363251 0.08124490082263947 0.38601747155189514
0 0.5861538648605347 0.6863332390785217 0.08663558959960938 0.33140918612480164
0 0.37787482142448425 0.5667083859443665 0.06727246940135956 0.24521687626838684
0 0.21829751133918762 0.08721188455820084 0.10063061863183975 0.17442376911640167
0 0.8255761861801147 0.7890219688415527 0.11216545104980469 0.31420108675956726
0 0.10995709896087646 0.11668893694877625 0.08915972709655762 0.17243026196956635
0 0.02545340545475483 0.610637903213501 0.05079161375761032 0.3043844401836395
0 0.820624053478241 0.7306313514709473 0.11675586551427841 0.42740288376808167
0 0.7176494598388672 0.45846065878868103 0.07923336327075958 0.31425437331199646
0 0.7183687686920166 0.34059205651283264 0.10726680606603622 0.23096300661563873
0 0.028779977932572365 0.09003043919801712 0.05722760036587715 0.17997156083583832
0 0.6554708480834961 0.4842081665992737 0.09573173522949219 0.31613272428512573
0 0.9181678891181946 0.1205655187368393 0.08679084479808807 0.24046240746974945
0 0.05736274644732475 0.8436458110809326 0.11448874324560165 0.3089867830276489
0 0.11162308603525162 0.2544362545013428 0.0567210353910923 0.2901202440261841
