0 0.5023495554924011 0.8140074014663696 0.10485149919986725 0.371614545583725
0 0.9000480771064758 0.6972275376319885 0.16483192145824432 0.41409552097320557
0 0.6792718172073364 0.5596898198127747 0.13129596412181854 0.3629150688648224
0 0.34995684027671814 0.9002962112426758 0.09298817068338394 0.19863305985927582
0 0.1928066909313202 0.6279577612876892 0.10093757510185242 0.3569725751876831
0 0.12483391910791397 0.7082065343856812 0.12196579575538635 0.36746037006378174
0 0.7821608185768127 0.5442482233047485 0.09981022030115128 0.35828453302383423
0 0.35357969999313354 0.5112543106079102 0.10509303212165833 0.3497101962566376
0 0.5788171887397766 0.6164723038673401 0.10115204006433487 0.3363357484340668
0 0.8331400156021118 0.6462990641593933 0.10497932136058807 0.3672546446323395
0 0.3238203823566437 0.5889948606491089 0.08997201919555664 0.3287299573421478
0 0.44086647033691406 0.19580328464508057 0.08582410961389542 0.34939244389533997
0 0.2740000784397125 0.4198809862136841 0.09035129845142365 0.3046264052391052
0 0.08618109673261642 0.857788622379303 0.1197618767619133 0.28160807490348816
0 0.16615153849124908 0.24808482825756073 0.10675057768821716 0.2253955900669098
0 0.6136629581451416 0.514087438583374 0.10057945549488068 0.43820351362228394
0 0.10804466903209686 0.8580515384674072 0.17221184074878693 0.28274738788604736
0 0.5003576874732971 0.2979092597961426 0.12139812856912613 0.33627426624298096
0 0.10794610530138016 0.3990640938282013 0.0950331836938858 0.2829960286617279
0 0.18726441264152527 0.08965019881725311 0.05182213708758354 0.17930039763450623
0 0.04053567722439766 0.6102241277694702 0.0810258612036705 0.26388347148895264
0 0.3627653121948242 0.19070257246494293 0.13829368352890015 0.38140514492988586
0 0.18856649100780487 0.4221031069755554 0.08544530719518661 0.21557551622390747
0 0.5358981490135193 0.5033564567565918 0.07959556579589844 0.3124135136604309
0 0.23281946778297424 0.13183584809303284 0.06028928607702255 0.2636716961860657
