0 0.18066731095314026 0.7025251388549805 0.12094224989414215 0.4503036141395569
0 0.8198060393333435 0.7077761292457581 0.14264889061450958 0.33082908391952515
0 0.6735495328903198 0.9006004333496094 0.20533618330955505 0.197804257273674
0 0.05378546565771103 0.6701502203941345 0.10757093131542206 0.36146312952041626
0 0.3067606985569 0.752413272857666 0.09765347093343735 0.27505162358283997
0 0.3115001916885376 0.9223722815513611 0.14231961965560913 0.15384267270565033
0 0.16580727696418762 0.24553252756595612 0.09476809203624725 0.303853839635849
0 0.7174526453018188 0.5647852420806885 0.14744408428668976 0.3842338025569916
0 0.4966181814670563 0.8686872720718384 0.13114909827709198 0.2617245018482208
0 0.27504557371139526 0.4738697409629822 0.10468845069408417 0.3334910571575165
0 0.0662914365530014 0.34255820512771606 0.1288532018661499 0.3217483162879944
0 0.8284229040145874 0.33706021308898926 0.0960308089852333 0.34468626976013184
0 0.41793981194496155 0.7239863276481628 0.12747444212436676 0.3853253722190857
0 0.6473865509033203 0.4576604664325714 0.08293113857507706 0.31048277020454407
0 0.26107263565063477 0.21240940690040588 0.07744427025318146 0.28492245078086853
0 0.9542818069458008 0.5597547888755798 0.091100312769413 0.38091304898262024
0 0.537350594997406 0.22063933312892914 0.09592380374670029 0.306935578584671
0 0.525536298751831 0.8202648758888245 0.08325348049402237 0.2990104556083679
0 0.6406862139701843 0.28952574729919434 0.09021683037281036 0.18283551931381226
0 0.4951165020465851 0.46685096621513367 0.09473416209220886 0.3234449028968811
0 0.4007515609264374 0.22731393575668335 0.07384805381298065 0.3238345980644226
0 0.8048114776611328 0.16419917345046997 0.07535801082849503 0.32839834690093994
0 0.6204615235328674 0.18540582060813904 0.10091094672679901 0.18883116543293
0 0.9404855370521545 0.48887336254119873 0.11847247928380966 0.3300904929637909
0 0.9095723032951355 0.19596536457538605 0.09713287651538849 0.3214978277683258
0 0.32312971353530884 0.603397011756897 0.08508329093456268 0.2905189096927643
0 0.41374722123146057 0.06833808869123459 0.0766073539853096 0.13667617738246918
0 0.9625778198242188 0.23374053835868835 0.07433700561523438 0.2591550052165985
0 0.060474373400211334 0.12378629297018051 0.12068793177604675 0.24757258594036102
