0 0.31805190443992615 0.9549642205238342 0.06389258801937103 0.08911082148551941
0 0.16759859025478363 0.8586405515670776 0.056646108627319336 0.22479146718978882
0 0.6770708560943604 0.9281871318817139 0.061737060546875 0.142781063914299
0 0.4043026864528656 0.7024502158164978 0.0626121535897255 0.13297559320926666
0 0.19222672283649445 0.7188584804534912 0.03969254344701767 0.15927289426326752
0 0.6793317794799805 0.6572697758674622 0.03678131103515625 0.12509430944919586
0 0.03319967910647392 0.5440707802772522 0.037636734545230865 0.1319141387939453
0 0.5406264066696167 0.6789064407348633 0.04906279221177101 0.12217051535844803
0 0.5032063722610474 0.8184390664100647 0.04724006727337837 0.16913248598575592
0 0.11604917049407959 0.5168145298957825 0.02331991121172905 0.11539730429649353
0 0.18728116154670715 0.590556263923645 0.041870150715112686 0.12393226474523544
0 0.5318368077278137 0.8985347151756287 0.056000009179115295 0.20126664638519287
0 0.5612651705741882 0.750501275062561 0.03122234344482422 0.11757019907236099
