0 0.694402813911438 0.9180935621261597 0.07108179479837418 0.1626606434583664
0 0.21015359461307526 0.5340566635131836 0.0417112335562706 0.15026766061782837
0 0.07446293532848358 0.5488067865371704 0.04790038987994194 0.1450444608926773
0 0.6141666173934937 0.6724660992622375 0.04037532955408096 0.15983322262763977
0 0.7633755803108215 0.8418434858322144 0.06304003298282623 0.21924234926700592
0 0.7799312472343445 0.48226198554039 0.041581280529499054 0.10806134343147278
0 0.02380071021616459 0.5895311236381531 0.047461677342653275 0.15793685615062714
0 0.7169786095619202 0.4670994281768799 0.03255786746740341 0.10847850143909454
0 0.10664941370487213 0.6591318845748901 0.056694626808166504 0.17355114221572876
0 0.30677738785743713 0.6046985387802124 0.03881091997027397 0.1682509034872055
0 0.27522414922714233 0.3094402849674225 0.03632215037941933 0.10272610932588577
0 0.3785368800163269 0.4795534908771515 0.030798722058534622 0.135952889919281
0 0.20146779716014862 0.9117558598518372 0.057140398770570755 0.1750044971704483
0 0.7521727681159973 0.4119979739189148 0.03239288181066513 0.1187848374247551
0 0.77409428358078 0.8400220274925232 0.05399290844798088 0.21588286757469177
0 0.46144363284111023 0.5329357385635376 0.033890534192323685 0.15878500044345856
0 0.17179864645004272 0.539249837398529 0.03942955285310745 0.14451369643211365
