0 0.6740471124649048 0.6191824674606323 0.11302699893712997 0.3779665529727936
0 0.8594500422477722 0.6728506088256836 0.1205543503165245 0.37737777829170227
0 0.3462580442428589 0.607087254524231 0.11598542332649231 0.3909737467765808
0 0.09170031547546387 0.10417921096086502 0.11164318770170212 0.20767423510551453
0 0.6090463995933533 0.7130696773529053 0.1625571846961975 0.36690378189086914
0 0.04061120003461838 0.7615445256233215 0.08112560212612152 0.3639991283416748
0 0.10074520856142044 0.8685897588729858 0.10044620931148529 0.2609964907169342
0 0.2461378127336502 0.45082637667655945 0.1021202877163887 0.3449104428291321
0 0.807612419128418 0.48875775933265686 0.10399017482995987 0.3488497734069824
0 0.42576858401298523 0.5740784406661987 0.11130742728710175 0.35242220759391785
0 0.9519645571708679 0.20222778618335724 0.09552917629480362 0.3136926293373108
0 0.2131146490573883 0.7421886920928955 0.11869315803050995 0.3576006591320038
0 0.9363638758659363 0.5833143591880798 0.10720252990722656 0.35470372438430786
0 0.031397778540849686 0.31599023938179016 0.06269807368516922 0.25426018238067627
0 0.7451413869857788 0.15974344313144684 0.0779644027352333 0.3194868862628937
0 0.06193610653281212 0.5677871108055115 0.12384602427482605 0.2925977110862732
0 0.701234757900238 0.3779159486293793 0.09908764809370041 0.23175550997257233
0 0.35725122690200806 0.1786050945520401 0.08427362143993378 0.28189244866371155
0 0.8305265307426453 0.09069377183914185 0.0786212906241417 0.1796106994152069
0 0.23480695486068726 0.14768151938915253 0.08134422451257706 0.1886969953775406
0 0.8766952753067017 0.14896933734416962 0.09485892951488495 0.2960808277130127
0 0.3177456557750702 0.24768885970115662 0.08251714706420898 0.21198061108589172
