0 0.6053685545921326 0.8800604939460754 0.09103463590145111 0.2388404905796051
0 0.48353156447410583 0.799623429775238 0.1410646140575409 0.39867323637008667
0 0.9133478999137878 0.2949521243572235 0.09367141872644424 0.3264150023460388
0 0.3097018301486969 0.6939123272895813 0.14360007643699646 0.38637080788612366
0 0.17893670499324799 0.5756469964981079 0.11450648307800293 0.3713330626487732
0 0.42799192667007446 0.17040637135505676 0.0915684700012207 0.3381376266479492
0 0.7897269129753113 0.5579485297203064 0.0953441634774208 0.38363415002822876
0 0.7402506470680237 0.4420262277126312 0.15967655181884766 0.3717212378978729
0 0.14965175092220306 0.7826470136642456 0.10789628326892853 0.2606382966041565
0 0.2966154217720032 0.2035236954689026 0.10158661007881165 0.27626246213912964
0 0.5704585909843445 0.6352023482322693 0.14033333957195282 0.3282555341720581
0 0.22589151561260223 0.3156892955303192 0.08231954276561737 0.31581756472587585
0 0.1414153277873993 0.2640730142593384 0.08398798853158951 0.2604408860206604
0 0.05442265421152115 0.9560467004776001 0.06372091919183731 0.0871889740228653
0 0.6649753451347351 0.388618141412735 0.09427356719970703 0.33542636036872864
0 0.5124151706695557 0.27319133281707764 0.08488041907548904 0.2908768057823181
0 0.6134195923805237 0.46200188994407654 0.0772043839097023 0.2717965543270111
0 0.057018257677555084 0.6731067895889282 0.11403651535511017 0.32318904995918274
0 0.5770830512046814 0.24244281649589539 0.08782901614904404 0.27945587038993835
0 0.37207165360450745 0.5324416160583496 0.08782930672168732 0.3458930552005768
0 0.7109792232513428 0.13934211432933807 0.0746297836303711 0.27868422865867615
0 0.20321212708950043 0.9657148718833923 0.05624108389019966 0.06762263178825378
0 0.4706222712993622 0.0764581710100174 0.04883136600255966 0.1529163420200348
0 0.7615193724632263 0.14188340306282043 0.07369747012853622 0.2448359578847885
0 0.4931667447090149 0.47956573963165283 0.07717876136302948 0.25743988156318665
0 0.9837427139282227 0.2102414071559906 0.032022856175899506 0.20702221989631653
0 0.23305249214172363 0.11992955952882767 0.06734075397253036 0.2282610833644867
0 0.08249474316835403 0.3549168109893799 0.07716763764619827 0.2325044423341751
