0 0.7066061496734619 0.8655703067779541 0.09126917272806168 0.2686299681663513
0 0.0636262521147728 0.9276683330535889 0.1272525042295456 0.14378561079502106
0 0.42481812834739685 0.18844588100910187 0.10023631900548935 0.3252488970756531
0 0.35146093368530273 0.6403157711029053 0.10695095360279083 0.31618115305900574
0 0.24599838256835938 0.22616903483867645 0.0803971141576767 0.3504675030708313
0 0.8640863299369812 0.5103675723075867 0.1068241149187088 0.3894805908203125
0 0.24825699627399445 0.9421934485435486 0.12103498727083206 0.11402486264705658
0 0.5830153822898865 0.7743093967437744 0.10200068354606628 0.4138330817222595
0 0.32907402515411377 0.18833421170711517 0.07383343577384949 0.2891489565372467
0 0.4311455488204956 0.539203405380249 0.08820390701293945 0.3474377989768982
0 0.20941655337810516 0.6608399152755737 0.10517983138561249 0.3498883545398712
0 0.6312057375907898 0.39849820733070374 0.13388246297836304 0.3356081545352936
0 0.672109842300415 0.6209099888801575 0.12322425842285156 0.4079027771949768
0 0.7072374820709229 0.1217823252081871 0.09567336738109589 0.2385595589876175
0 0.8085981607437134 0.1791447103023529 0.09938621520996094 0.3089713454246521
0 0.2989770174026489 0.5083713531494141 0.06904063373804092 0.32056349515914917
0 0.5115554928779602 0.6198129653930664 0.09031502157449722 0.3397645354270935
0 0.26813212037086487 0.7820749282836914 0.09496715664863586 0.2404971718788147
0 0.08937840908765793 0.5018162727355957 0.08321097493171692 0.32648882269859314
0 0.4999002516269684 0.26780974864959717 0.0883258804678917 0.3156008720397949
0 0.9700542688369751 0.27743813395500183 0.059416960924863815 0.3356170058250427
0 0.03462487831711769 0.5134867429733276 0.06924975663423538 0.48345643281936646
0 0.94170081615448 0.14334316551685333 0.11615409702062607 0.2845083773136139
0 0.16080717742443085 0.397529274225235 0.09378418326377869 0.2936672866344452
0 0.6993350982666016 0.30330634117126465 0.0777362808585167 0.20385059714317322
