0 0.6250783801078796 0.6314757466316223 0.1170421615242958 0.40308552980422974
0 0.9297269582748413 0.756033182144165 0.13524779677391052 0.3481805920600891
0 0.37712472677230835 0.9138391017913818 0.16136980056762695 0.1709810048341751
0 0.4297425150871277 0.7356914281845093 0.09712810814380646 0.4013819098472595
0 0.8576828241348267 0.4834054410457611 0.13160400092601776 0.3290565609931946
0 0.5601995587348938 0.36295798420906067 0.11401459574699402 0.37463515996932983
0 0.08555114269256592 0.6718130111694336 0.17110228538513184 0.34393101930618286
0 0.07850639522075653 0.828033983707428 0.15676827728748322 0.3426896035671234
0 0.3265775144100189 0.6128882765769958 0.1172475814819336 0.31536421179771423
0 0.48634928464889526 0.18064799904823303 0.09983482211828232 0.3098280727863312
0 0.6428481340408325 0.23140574991703033 0.08158696442842484 0.3075394034385681
0 0.3102003335952759 0.3320483863353729 0.11562438309192657 0.3156798183917999
0 0.7751893401145935 0.18109948933124542 0.06902866065502167 0.2851564288139343
0 0.2901013493537903 0.11800923943519592 0.099859319627285 0.23569533228874207
0 0.35859712958335876 0.23618878424167633 0.08680620044469833 0.3149929940700531
0 0.7114688158035278 0.25675734877586365 0.07788378745317459 0.27200013399124146
0 0.7462879419326782 0.5143706202507019 0.12893275916576385 0.34549203515052795
0 0.7695967555046082 0.5138694643974304 0.09991410374641418 0.3473500907421112
0 0.17174012959003448 0.08584506064653397 0.08142305910587311 0.17120260000228882
0 0.2928300201892853 0.8547815084457397 0.14078092575073242 0.2892856299877167
0 0.9182662963867188 0.3871273100376129 0.08076248317956924 0.3475032448768616
0 0.12110163271427155 0.5635655522346497 0.11502359062433243 0.31679946184158325
0 0.2000107318162918 0.6092493534088135 0.12887077033519745 0.36670100688934326
0 0.3939858675003052 0.048995181918144226 0.04427226260304451 0.09795620292425156
0 0.2281332015991211 0.5739815831184387 0.12594173848628998 0.43441006541252136
0 0.8136830925941467 0.33381715416908264 0.08643703162670135 0.28226032853126526
0 0.9100891947746277 0.09626995027065277 0.08379936218261719 0.19253990054130554
