0 0.1389966607093811 0.4997853636741638 0.05442141741514206 0.23650537431240082
0 0.10374315083026886 0.1171177476644516 0.03260216861963272 0.128084197640419
0 0.9795490503311157 0.5565258264541626 0.040346525609493256 0.11705970764160156
0 0.88761967420578 0.6274221539497375 0.051618002355098724 0.13463859260082245
0 0.5094926953315735 0.6520956754684448 0.04361877590417862 0.1616671234369278
0 0.6453326940536499 0.6529229283332825 0.0701419860124588 0.10448405146598816
0 0.8535041809082031 0.3976593315601349 0.025473784655332565 0.0658213272690773
0 0.058800920844078064 0.40187186002731323 0.053125035017728806 0.1765120029449463
0 0.7990967035293579 0.39744165539741516 0.02387847937643528 0.08024512231349945
0 0.8137676119804382 0.6114312410354614 0.04307060316205025 0.12124862521886826
0 0.5947389006614685 0.660977303981781 0.06210460513830185 0.09550400078296661
0 0.7502439618110657 0.5898193120956421 0.0360107421875 0.13052940368652344
0 0.05833377689123154 0.44514936208724976 0.05706821009516716 0.2621604800224304
0 0.8348320126533508 0.3635602593421936 0.020724106580018997 0.0695662796497345
0 0.8392990231513977 0.6140557527542114 0.038684844970703125 0.114618681371212
