0 0.5065702795982361 0.6573371887207031 0.05520864948630333 0.18449147045612335
0 0.4363151490688324 0.3257957994937897 0.027316665276885033 0.12858672440052032
0 0.9249953031539917 0.4692448377609253 0.025144195184111595 0.09235339611768723
0 0.06819916516542435 0.4384787380695343 0.059765081852674484 0.2830697298049927
0 0.15868772566318512 0.45953038334846497 0.04655337333679199 0.11455141752958298
0 0.8601300120353699 0.5040879249572754 0.029903030022978783 0.1092609390616417
0 0.3765636086463928 0.28545311093330383 0.028199704363942146 0.1209130585193634
0 0.26301446557044983 0.524867057800293 0.043602656573057175 0.1844921112060547
0 0.6104708313941956 0.4524834156036377 0.026017379015684128 0.09861679375171661
0 0.5731279253959656 0.6851000189781189 0.04318733140826225 0.16094979643821716
0 0.11889958381652832 0.4993293285369873 0.06555070728063583 0.21258027851581573
0 0.5209481120109558 0.3989323079586029 0.03500795364379883 0.10837597399950027
0 0.21446704864501953 0.471193790435791 0.03816423565149307 0.14024849236011505
0 0.31229788064956665 0.5760717391967773 0.061814405024051666 0.21183712780475616
0 0.8637849688529968 0.37624460458755493 0.026178359985351562 0.09055862575769424
0 0.26358094811439514 0.5053755640983582 0.04205331951379776 0.13282343745231628
0 0.46421146392822266 0.22186726331710815 0.02764606475830078 0.08565737307071686
0 0.3493613600730896 0.5804355144500732 0.04827842861413956 0.20334891974925995
0 0.34944698214530945 0.5454193353652954 0.04886016994714737 0.13367882370948792
0 0.3382790982723236 0.5828328728675842 0.11583767086267471 0.22525228559970856
