0 0.1687522530555725 0.7316105365753174 0.053754471242427826 0.18983624875545502
0 0.8647838830947876 0.7866858839988708 0.04469108581542969 0.17531459033489227
0 0.20502258837223053 0.7115004062652588 0.04406094551086426 0.17708714306354523
0 0.7723432183265686 0.6185719966888428 0.055794715881347656 0.1682024598121643
0 0.3076818585395813 0.41733160614967346 0.04178953170776367 0.08903312683105469
0 0.6751212477684021 0.6596111059188843 0.04831288754940033 0.16203537583351135
0 0.5409877896308899 0.560141384601593 0.04756774753332138 0.1391245573759079
0 0.11142098158597946 0.712090790271759 0.04648721218109131 0.16801859438419342
0 0.7292963862419128 0.6068546772003174 0.03690509870648384 0.15226046741008759
0 0.5442167520523071 0.9674959778785706 0.046901702880859375 0.06368815153837204
0 0.07564552128314972 0.6319963932037354 0.0334596149623394 0.14910902082920074
0 0.080956369638443 0.5232670307159424 0.04850883036851883 0.10420070588588715
0 0.4773597717285156 0.7513341307640076 0.048705291002988815 0.19381536543369293
0 0.2594093382358551 0.5924209952354431 0.033185992389917374 0.14801762998104095
0 0.729514479637146 0.40831539034843445 0.035586167126894 0.10967087000608444
