0 0.8495124578475952 0.7135409712791443 0.114832304418087 0.39794662594795227
0 0.26714026927948 0.8674801588058472 0.11471913754940033 0.26496896147727966
0 0.2904641330242157 0.2906719744205475 0.10009145736694336 0.35856157541275024
0 0.7585815787315369 0.5503996014595032 0.1303585022687912 0.3649112582206726
0 0.42831698060035706 0.9309138655662537 0.158625990152359 0.136749267578125
0 0.658962607383728 0.8278188705444336 0.14413127303123474 0.3443622589111328
0 0.09605954587459564 0.16544978320598602 0.09302132576704025 0.29696452617645264
0 0.5666143298149109 0.6436039209365845 0.1183919608592987 0.3306632936000824
0 0.17371955513954163 0.4585534930229187 0.10809163749217987 0.27400729060173035
0 0.15897321701049805 0.13653329014778137 0.08104421198368073 0.26750946044921875
0 0.18076826632022858 0.7031814455986023 0.10857734084129333 0.3838633596897125
0 0.4731340706348419 0.7947332859039307 0.1276203840970993 0.3567067086696625
0 0.3768206238746643 0.39911699295043945 0.09165430068969727 0.3226812481880188
0 0.23723836243152618 0.16146954894065857 0.07848253101110458 0.3156072497367859
0 0.02178770676255226 0.3625345528125763 0.0434657484292984 0.2912673056125641
0 0.9687861204147339 0.330779105424881 0.061974525451660156 0.47012823820114136
0 0.2603098154067993 0.6958011388778687 0.10140538215637207 0.24574530124664307
0 0.8469944000244141 0.28228381276130676 0.09036407619714737 0.3193431794643402
0 0.3024781346321106 0.08918406069278717 0.06675548851490021 0.17836812138557434
0 0.4525173306465149 0.5607153177261353 0.09801902621984482 0.22496876120567322
0 0.4748315215110779 0.44983333349227905 0.08016157150268555 0.3270585238933563
0 0.9195835590362549 0.20392267405986786 0.12298889458179474 0.4078453481197357
0 0.6400460600852966 0.665156900882721 0.11810550838708878 0.2160210907459259
0 0.6866348385810852 0.09771154075860977 0.06444816291332245 0.19542308151721954
0 0.7687727808952332 0.391220360994339 0.09686241298913956 0.321909636259079
