0 0.5187210440635681 0.887101411819458 0.12178913503885269 0.2256401926279068
0 0.739535391330719 0.6798655390739441 0.18717797100543976 0.45634007453918457
0 0.10717304795980453 0.6348163485527039 0.11446157842874527 0.3645825684070587
0 0.3154618442058563 0.6727577447891235 0.1068488135933876 0.3492359220981598
0 0.22870378196239471 0.5446793437004089 0.12137222290039062 0.3669077157974243
0 0.4484683871269226 0.6418055295944214 0.10815925896167755 0.3494165539741516
0 0.03193331137299538 0.593359649181366 0.06386662274599075 0.3556681275367737
0 0.186357319355011 0.9614524245262146 0.0763774886727333 0.07627639919519424
0 0.597665011882782 0.5687986016273499 0.09904969483613968 0.35626038908958435
0 0.8510246276855469 0.5774043798446655 0.08210983127355576 0.37326303124427795
0 0.9402644038200378 0.6565978527069092 0.11062946170568466 0.3726509213447571
0 0.3216821849346161 0.4917384386062622 0.10865993797779083 0.2703641355037689
0 0.6786237955093384 0.5335095524787903 0.12559738755226135 0.3694022595882416
0 0.4210137724876404 0.36963048577308655 0.14331407845020294 0.3705024719238281
0 0.3732099235057831 0.13670501112937927 0.09068285673856735 0.2618078887462616
0 0.14260046184062958 0.5692129135131836 0.08465317636728287 0.341122567653656
0 0.5265626907348633 0.3958256244659424 0.08102738112211227 0.3495631217956543
0 0.5045843124389648 0.13549216091632843 0.0890151634812355 0.27098432183265686
0 0.16240452229976654 0.19418902695178986 0.05729840695858002 0.3104169964790344
