0 0.4690426290035248 0.9499244689941406 0.06799926608800888 0.05483131483197212
0 0.5295482277870178 0.4041452407836914 0.03906538337469101 0.03674202039837837
0 0.23008522391319275 0.885110080242157 0.048296552151441574 0.05699806287884712
0 0.3473181128501892 0.38151177763938904 0.02792544849216938 0.044606588780879974
0 0.6651998162269592 0.9507161974906921 0.05864410474896431 0.056702423840761185
0 0.16636481881141663 0.8923671841621399 0.06942354887723923 0.06475372612476349
0 0.7118561863899231 0.8691452145576477 0.06089121475815773 0.07308540493249893
0 0.5794398784637451 0.879669189453125 0.04984927549958229 0.05050544813275337
0 0.5325900316238403 0.8899925351142883 0.04506056010723114 0.050811003893613815
0 0.14637760818004608 0.23351246118545532 0.03655480220913887 0.04340219497680664
0 0.414911150932312 0.3109440505504608 0.02672424353659153 0.02468843385577202
0 0.1644160896539688 0.8858659863471985 0.06148969754576683 0.05079803615808487
0 0.2407650202512741 0.45032405853271484 0.0410638190805912 0.050910282880067825
0 0.5917345285415649 0.20382066071033478 0.03282233327627182 0.034365274012088776
0 0.8951879143714905 0.8652896881103516 0.05432264506816864 0.05199470371007919
0 0.8672075271606445 0.4274333119392395 0.0392981618642807 0.045946311205625534
0 0.2977607250213623 0.22145715355873108 0.03142547607421875 0.03985176235437393
0 0.8375673294067383 0.215946763753891 0.03545735776424408 0.04220147058367729
0 0.807774543762207 0.8634340763092041 0.05727878212928772 0.061831094324588776
0 0.8326746225357056 0.6729020476341248 0.04895036667585373 0.056582894176244736
