0 0.08613576740026474 0.8089361786842346 0.10856469720602036 0.0736200362443924
0 0.6632391214370728 0.9524914026260376 0.05984044820070267 0.05890216678380966
0 0.5149999856948853 0.9075642824172974 0.042554277926683426 0.04976024478673935
0 0.34080564975738525 0.37552502751350403 0.03035854734480381 0.04579439014196396
0 0.7834442257881165 0.9224817156791687 0.06669820100069046 0.05836944654583931
0 0.8524255752563477 0.9372217059135437 0.05510847270488739 0.054080963134765625
0 0.5828312039375305 0.8956977725028992 0.05867106094956398 0.05112934112548828
0 0.29951146245002747 0.756732165813446 0.05911509320139885 0.08085155487060547
0 0.7140323519706726 0.8725634217262268 0.05498623475432396 0.053672026842832565
0 0.6253862380981445 0.38530442118644714 0.02717285230755806 0.03620058670639992
0 0.7568379640579224 0.8306062817573547 0.0534125417470932 0.06249542161822319
0 0.22732026875019073 0.23014935851097107 0.02724999375641346 0.044126130640506744
0 0.25693151354789734 0.23903895914554596 0.02664995566010475 0.03341474384069443
