0 0.9608292579650879 0.8140751123428345 0.02744937501847744 0.11479844152927399
0 0.9145467281341553 0.6973944902420044 0.023747507482767105 0.09795085340738297
0 0.9355550408363342 0.4549219012260437 0.023503536358475685 0.09335029125213623
0 0.7292136549949646 0.6885525584220886 0.022357093170285225 0.10316120088100433
0 0.8941754102706909 0.8649682998657227 0.026885222643613815 0.1120394691824913
0 0.7156271934509277 0.5356041193008423 0.02349531464278698 0.10659068822860718
0 0.8390557169914246 0.6670241951942444 0.02446305938065052 0.09184601157903671
0 0.7542012333869934 0.633476197719574 0.021113162860274315 0.08505932986736298
0 0.8200039267539978 0.5724455714225769 0.022484928369522095 0.09345842152833939
0 0.7790566086769104 0.6521323919296265 0.022844357416033745 0.09033463895320892
0 0.8047176599502563 0.43561869859695435 0.018197208642959595 0.08700497448444366
0 0.627775251865387 0.41547778248786926 0.021499548107385635 0.07633409649133682
0 0.8982452154159546 0.8459714651107788 0.03394470363855362 0.15129896998405457
0 0.7608752846717834 0.519203245639801 0.021169789135456085 0.07651984691619873
