0 0.1355527937412262 0.8177600502967834 0.15535235404968262 0.3283807933330536
0 0.801306426525116 0.678645133972168 0.13757209479808807 0.3827987313270569
0 0.9419326782226562 0.8946045637130737 0.11524792015552521 0.20966491103172302
0 0.9404441714286804 0.38353610038757324 0.11834373325109482 0.38342708349227905
0 0.39399254322052 0.5239172577857971 0.12856735289096832 0.3559160828590393
0 0.6332012414932251 0.4020266532897949 0.10364513099193573 0.39998871088027954
0 0.8930317163467407 0.19254735112190247 0.09147491306066513 0.35312244296073914
0 0.36365726590156555 0.8451983332633972 0.15290728211402893 0.30920156836509705
0 0.5294837355613708 0.36242255568504333 0.10570716857910156 0.3429672122001648
0 0.3860994875431061 0.6764954328536987 0.14088010787963867 0.31168797612190247
0 0.3006476163864136 0.33217164874076843 0.09528513252735138 0.3263740837574005
0 0.10104940086603165 0.4291461408138275 0.13043884932994843 0.335484117269516
0 0.7369957566261292 0.14409396052360535 0.0692848190665245 0.288187712430954
0 0.9615718722343445 0.10920464247465134 0.061319731175899506 0.2152242660522461
0 0.20940479636192322 0.2169884294271469 0.07606887817382812 0.2790045440196991
0 0.7030431032180786 0.5013378858566284 0.1401393860578537 0.3992818295955658
0 0.2034759521484375 0.5026102066040039 0.1099737137556076 0.36721158027648926
0 0.5834094882011414 0.08133599162101746 0.07025794684886932 0.1626719832420349
0 0.26554709672927856 0.28536927700042725 0.05777595937252045 0.35567933320999146
0 0.41012445092201233 0.23254996538162231 0.07258844375610352 0.25576698780059814
0 0.38599804043769836 0.07122965157032013 0.04524202272295952 0.14245930314064026
0 0.1484074890613556 0.24494116008281708 0.0773240253329277 0.22306804358959198
0 0.14564140141010284 0.0852045863866806 0.09635450690984726 0.17027603089809418
0 0.062093909829854965 0.5426934957504272 0.12408798187971115 0.4495318830013275
0 0.7216529846191406 0.5407257080078125 0.10830020904541016 0.34643250703811646
0 0.06524228304624557 0.18657180666923523 0.08577626198530197 0.16910305619239807
