0 0.14589567482471466 0.5041666030883789 0.06262783706188202 0.24252505600452423
0 0.056524645537137985 0.4220113158226013 0.07580220699310303 0.2973747253417969
0 0.5511606335639954 0.41410407423973083 0.02339019812643528 0.10578715056180954
0 0.40953320264816284 0.6194344758987427 0.04774494096636772 0.19482651352882385
0 0.2620820999145508 0.5551349520683289 0.05262668803334236 0.22430063784122467
0 0.9753901362419128 0.8240155577659607 0.04834289476275444 0.16377919912338257
0 0.2670600116252899 0.2197544276714325 0.03903603553771973 0.13636204600334167
0 0.8603147268295288 0.4948726296424866 0.028887558728456497 0.09304288029670715
0 0.8806390762329102 0.5194540023803711 0.03334808349609375 0.09853837639093399
0 0.587295413017273 0.6990947723388672 0.0513341911137104 0.1432848572731018
0 0.9683483242988586 0.48571667075157166 0.03773040696978569 0.10180659592151642
0 0.8174104690551758 0.3652937114238739 0.021814728155732155 0.07976391911506653
0 0.9442639946937561 0.46378427743911743 0.02778453752398491 0.07575340569019318
0 0.26179030537605286 0.5061454772949219 0.04790647700428963 0.1226310282945633
0 0.5078399181365967 0.6704705357551575 0.07311181724071503 0.14328354597091675
0 0.7763556241989136 0.39857590198516846 0.02316570281982422 0.08306197822093964
0 0.5794010162353516 0.4275018572807312 0.030190976336598396 0.07337010651826859
