0 0.5245473980903625 0.8137038946151733 0.02984558790922165 0.11217167973518372
0 0.382936030626297 0.8553613424301147 0.02652495726943016 0.10234900563955307
0 0.4649186134338379 0.8060309290885925 0.02680034562945366 0.09026260673999786
0 0.7061999440193176 0.5765419006347656 0.027030818164348602 0.08684391528367996
0 0.49609556794166565 0.8123313784599304 0.03208751603960991 0.10999145358800888
0 0.9319314360618591 0.6252090930938721 0.030323218554258347 0.08498484641313553
0 0.34427353739738464 0.8444986939430237 0.03211599960923195 0.10380223393440247
0 0.49410295486450195 0.6494156122207642 0.019736099988222122 0.07993748784065247
0 0.7023760676383972 0.6765124797821045 0.021888161078095436 0.0765058696269989
0 0.030425965785980225 0.9039954543113708 0.06022888049483299 0.11694717407226562
0 0.30996978282928467 0.7817801833152771 0.02940022200345993 0.12974116206169128
0 0.2995069622993469 0.7930158972740173 0.03631401062011719 0.10670598596334457
0 0.30353158712387085 0.7831262946128845 0.039563655853271484 0.1284172087907791
0 0.05951295047998428 0.8060782551765442 0.03856705501675606 0.11140874028205872
