0 0.209110289812088 0.8760064244270325 0.058786407113075256 0.21438463032245636
0 0.47763827443122864 0.5281152725219727 0.0369783416390419 0.1840832233428955
0 0.3991050124168396 0.5496277213096619 0.028748607262969017 0.1747870296239853
0 0.7809240818023682 0.5210993885993958 0.030266379937529564 0.15171802043914795
0 0.5225437879562378 0.5079155564308167 0.03201204910874367 0.15371981263160706
0 0.2933911085128784 0.6525105237960815 0.03843078762292862 0.20147863030433655
0 0.15248994529247284 0.7004273533821106 0.04058675840497017 0.21941228210926056
0 0.05200495198369026 0.8637761473655701 0.049941085278987885 0.23832771182060242
0 0.21861869096755981 0.6433061361312866 0.04254350811243057 0.21717116236686707
0 0.6387752890586853 0.5418974161148071 0.03925361484289169 0.17932482063770294
0 0.09480006992816925 0.6978530883789062 0.05931682512164116 0.22242364287376404
0 0.5637184381484985 0.6230260729789734 0.03432769700884819 0.17191144824028015
0 0.10934856534004211 0.29041415452957153 0.030127715319395065 0.13278478384017944
0 0.13448934257030487 0.33157971501350403 0.026440907269716263 0.13297340273857117
0 0.7431753873825073 0.5224995017051697 0.03586260601878166 0.14065277576446533
