0 0.8785364031791687 0.4207513928413391 0.0272979736328125 0.08894576877355576
0 0.38886937499046326 0.298705518245697 0.02895202673971653 0.12818488478660583
0 0.5887386202812195 0.4407441020011902 0.027874374762177467 0.1020888015627861
0 0.3675134479999542 0.5868818759918213 0.04147186130285263 0.20887845754623413
0 0.28025564551353455 0.22370091080665588 0.03205619007349014 0.14024777710437775
0 0.021135281771421432 0.41753971576690674 0.042270563542842865 0.2785325050354004
0 0.7506207823753357 0.35414230823516846 0.02417278289794922 0.07705090939998627
0 0.09053894877433777 0.09996486455202103 0.047306522727012634 0.13990531861782074
0 0.12923696637153625 0.12238071113824844 0.03322110325098038 0.13315898180007935
0 0.5232000350952148 0.6624791622161865 0.03419608995318413 0.1577891856431961
0 0.8931525945663452 0.33254480361938477 0.020127486437559128 0.061286840587854385
0 0.6510905027389526 0.6645644903182983 0.052603211253881454 0.15762998163700104
0 0.7230278253555298 0.6395811438560486 0.04777761921286583 0.13373921811580658
0 0.861127495765686 0.33743157982826233 0.015102195553481579 0.05049696937203407
0 0.8056943416595459 0.34388113021850586 0.013478660956025124 0.03626855090260506
