0 0.032237812876701355 0.871363639831543 0.06447562575340271 0.21455323696136475
0 0.12724092602729797 0.8967289328575134 0.08235327154397964 0.2046734243631363
0 0.7856244444847107 0.9158865809440613 0.06829281151294708 0.16747258603572845
0 0.7063186764717102 0.6926920413970947 0.048412322998046875 0.17373912036418915
0 0.6286161541938782 0.8173189163208008 0.04910697788000107 0.17661666870117188
0 0.5384061336517334 0.7885630130767822 0.053784750401973724 0.2102539837360382
0 0.8316637277603149 0.8292766809463501 0.05316619947552681 0.1334388703107834
0 0.7780989408493042 0.8079605102539062 0.05884227901697159 0.11737111210823059
0 0.08270807564258575 0.5540863275527954 0.04053821414709091 0.15823695063591003
0 0.8678642511367798 0.78082275390625 0.03854179382324219 0.15877380967140198
0 0.032283682376146317 0.5880799889564514 0.037255749106407166 0.15751227736473083
0 0.5765566229820251 0.4084632992744446 0.03384437412023544 0.11328962445259094
0 0.1884717345237732 0.6326504349708557 0.04544653743505478 0.16295453906059265
