0 0.8405138850212097 0.8228338360786438 0.14324398338794708 0.35282081365585327
0 0.5693944096565247 0.6733041405677795 0.10083751380443573 0.3869740664958954
0 0.6016457676887512 0.43327993154525757 0.09400387108325958 0.3915911316871643
0 0.8220662474632263 0.514182448387146 0.14684811234474182 0.3459532558917999
0 0.4727376103401184 0.1867581307888031 0.0943845734000206 0.32653936743736267
0 0.9480444192886353 0.5073065161705017 0.1031261458992958 0.3544846773147583
0 0.39987462759017944 0.8486894369125366 0.11937408149242401 0.2948295474052429
0 0.15187500417232513 0.6788192987442017 0.13498474657535553 0.3740076720714569
0 0.3984213173389435 0.5566202998161316 0.127406507730484 0.29977545142173767
0 0.6915925145149231 0.3153362572193146 0.08382275700569153 0.2981577515602112
0 0.3055179715156555 0.7032185792922974 0.10354995727539062 0.3712621033191681
0 0.34302276372909546 0.10651732236146927 0.088353730738163 0.21264933049678802
0 0.7436683177947998 0.14102952182292938 0.09178822487592697 0.27912262082099915
0 0.3028527498245239 0.31336554884910583 0.09891527146100998 0.3471170961856842
0 0.3903326690196991 0.28355515003204346 0.10591955482959747 0.32773125171661377
0 0.32307949662208557 0.884034276008606 0.1131298840045929 0.23057404160499573
0 0.1286788135766983 0.7868387699127197 0.12781351804733276 0.2933884561061859
0 0.289410799741745 0.5266769528388977 0.093564972281456 0.30988413095474243
0 0.021331917494535446 0.21437658369541168 0.042530354112386703 0.24788551032543182
0 0.9270225763320923 0.27963951230049133 0.06808280944824219 0.29304295778274536
0 0.2310071885585785 0.3447037637233734 0.08622024953365326 0.30277854204177856
0 0.6353662014007568 0.2744746506214142 0.07896893471479416 0.321108877658844
0 0.9878740310668945 0.7260892391204834 0.023794174194335938 0.23603515326976776
0 0.607932984828949 0.12833990156650543 0.08949000388383865 0.21379896998405457
0 0.1591440588235855 0.5088240504264832 0.1207675188779831 0.2821591794490814
