0 0.6721364259719849 0.8979083299636841 0.14758816361427307 0.20295563340187073
0 0.8220195770263672 0.8213801980018616 0.11409473419189453 0.3555530607700348
0 0.7266626954078674 0.4338696002960205 0.09518623352050781 0.3460095226764679
0 0.5381515622138977 0.7400889992713928 0.155252143740654 0.38940680027008057
0 0.4216974675655365 0.9204921126365662 0.1258436143398285 0.15787455439567566
0 0.8199672698974609 0.36548852920532227 0.10492826998233795 0.35726529359817505
0 0.9271226525306702 0.5942975878715515 0.09795322269201279 0.3670075237751007
0 0.9500375986099243 0.9124934077262878 0.09946594387292862 0.1732638031244278
0 0.14744095504283905 0.5386596918106079 0.11933111399412155 0.36201855540275574
0 0.8128700852394104 0.04518678039312363 0.07733650505542755 0.09037356078624725
0 0.7405878901481628 0.1192585825920105 0.07320308685302734 0.23786620795726776
0 0.9350662231445312 0.24999363720417023 0.11090259253978729 0.32741811871528625
0 0.34460967779159546 0.4284311830997467 0.0761880874633789 0.383859246969223
0 0.4213113784790039 0.421968549489975 0.09440384060144424 0.38220885396003723
0 0.486056387424469 0.4053988456726074 0.08594922721385956 0.3564564287662506
0 0.03554997965693474 0.09294109046459198 0.07109995931386948 0.18484076857566833
0 0.22271180152893066 0.48957765102386475 0.10040941089391708 0.30887743830680847
0 0.034918367862701416 0.8394331336021423 0.06983673572540283 0.3208480477333069
0 0.6617936491966248 0.07047364115715027 0.06048755720257759 0.14094728231430054
0 0.5840262174606323 0.9581276774406433 0.05090726166963577 0.0826263427734375
0 0.9260141253471375 0.027720356360077858 0.07098388671875 0.05530781298875809
0 0.542270839214325 0.09590979665517807 0.0940999686717987 0.19181959331035614
0 0.04337315633893013 0.48560741543769836 0.08658777922391891 0.31643611192703247
0 0.2534633278846741 0.405324250459671 0.1094813197851181 0.33449357748031616
