0 0.5903414487838745 0.8053973913192749 0.11784420162439346 0.38508957624435425
0 0.2645181715488434 0.8345463871955872 0.12791354954242706 0.33016669750213623
0 0.15358826518058777 0.7732058763504028 0.1331232488155365 0.32655155658721924
0 0.4959047734737396 0.6827314496040344 0.10529257357120514 0.31533876061439514
0 0.7080944180488586 0.8618283867835999 0.10007743537425995 0.2749079465866089
0 0.8792229890823364 0.5204858779907227 0.1463460922241211 0.3259848654270172
0 0.20959147810935974 0.4779011905193329 0.1036861389875412 0.3144954442977905
0 0.04158458486199379 0.8949141502380371 0.08310016989707947 0.20828382670879364
0 0.34277090430259705 0.7258057594299316 0.10052871704101562 0.3949243724346161
0 0.7587727308273315 0.41317474842071533 0.11068420112133026 0.3443050980567932
0 0.9700919985771179 0.3282250165939331 0.059420395642519 0.2926023602485657
0 0.09077069163322449 0.6352964043617249 0.12768161296844482 0.3493967652320862
0 0.6180868148803711 0.24074630439281464 0.09379005432128906 0.30728328227996826
0 0.7539716362953186 0.79908686876297 0.1488703340291977 0.3928077816963196
0 0.9756832122802734 0.13140442967414856 0.04819316789507866 0.23057174682617188
0 0.3979201018810272 0.5905329585075378 0.11007318645715714 0.3590245842933655
0 0.3342546820640564 0.1648259460926056 0.06475906074047089 0.2905201315879822
0 0.6701193451881409 0.4527450203895569 0.10685920715332031 0.3675294518470764
0 0.10601458698511124 0.12498821318149567 0.07808320224285126 0.249495267868042
0 0.8937937021255493 0.3750094175338745 0.12252845615148544 0.33518025279045105
0 0.8728318810462952 0.19812768697738647 0.08659610897302628 0.18225301802158356
0 0.07344866544008255 0.20138157904148102 0.12340155988931656 0.20858913660049438
0 0.47307243943214417 0.4125988781452179 0.06861095130443573 0.34037354588508606
0 0.5900467038154602 0.519449770450592 0.12416992336511612 0.30022889375686646
0 0.17124663293361664 0.0801568552851677 0.06106577068567276 0.1603137105703354
0 0.3012866675853729 0.5242295265197754 0.0889410525560379 0.3485652804374695
0 0.4266262948513031 0.11143850535154343 0.06448058784008026 0.22274447977542877
0 0.7726689577102661 0.2458132803440094 0.08395862579345703 0.2305983603000641
0 0.3814915120601654 0.32701364159584045 0.07334308326244354 0.2283986359834671
0 0.5384252667427063 0.36809226870536804 0.07799965888261795 0.31076768040657043
0 0.6873583197593689 0.2865925431251526 0.06986363977193832 0.3046053946018219
0 0.8881540298461914 0.44070959091186523 0.13427773118019104 0.47317904233932495
0 0.10524298250675201 0.4003913998603821 0.11525563150644302 0.22572320699691772
