0 0.5288333296775818 0.4021452069282532 0.03386179730296135 0.034747157245874405
0 0.6645998358726501 0.9587724804878235 0.060034800320863724 0.059162139892578125
0 0.19485725462436676 0.23535895347595215 0.03709784522652626 0.04586677625775337
0 0.37421485781669617 0.8607338070869446 0.0606977678835392 0.05265922471880913
0 0.34664222598075867 0.37945908308029175 0.02908545546233654 0.044869232922792435
0 0.9305967092514038 0.9694782495498657 0.07351803034543991 0.05977172777056694
0 0.5256675481796265 0.8977000117301941 0.04620666429400444 0.053231239318847656
0 0.631047248840332 0.3923143446445465 0.02842034213244915 0.04254760593175888
0 0.1603676676750183 0.808957040309906 0.05334290489554405 0.04579563066363335
0 0.08689626306295395 0.8153285980224609 0.05873921886086464 0.06705290824174881
0 0.23592376708984375 0.4447748064994812 0.04228990525007248 0.04315986484289169
0 0.8038854598999023 0.935952365398407 0.05122935026884079 0.05908775329589844
0 0.7163043022155762 0.8753166198730469 0.07412566989660263 0.05809326097369194
0 0.8579427003860474 0.9445734620094299 0.04663560539484024 0.05294074863195419
0 0.5012881755828857 0.444235235452652 0.041893456131219864 0.044718265533447266
