0 0.2059207558631897 0.90168696641922 0.06019120290875435 0.19662611186504364
0 0.06711622327566147 0.8085104823112488 0.05582432448863983 0.19697977602481842
0 0.2786202132701874 0.6533865332603455 0.04150662571191788 0.19726307690143585
0 0.7883898019790649 0.5005422234535217 0.03291015699505806 0.17528381943702698
0 0.16275271773338318 0.7534611225128174 0.04303587228059769 0.2367035448551178
0 0.6258893609046936 0.5599916577339172 0.029577065259218216 0.16800333559513092
0 0.2152639925479889 0.6794524192810059 0.04492893069982529 0.21781158447265625
0 0.65090012550354 0.5326206088066101 0.029825782403349876 0.15236780047416687
0 0.8542048335075378 0.4406921863555908 0.035306356847286224 0.14722467958927155
0 0.062414344400167465 0.42181095480918884 0.03223432973027229 0.15915897488594055
0 0.39752626419067383 0.6420900225639343 0.03538227081298828 0.20537176728248596
0 0.4602765440940857 0.5754519104957581 0.025148678570985794 0.1365056335926056
0 0.5208044648170471 0.5473769903182983 0.03352003172039986 0.1389244943857193
0 0.5799932479858398 0.6325979828834534 0.041512299329042435 0.16548140347003937
0 0.5104368925094604 0.8845282793045044 0.04451789706945419 0.17151957750320435
