0 0.41548028588294983 0.9024127721786499 0.08318158984184265 0.068933866918087
0 0.6714203953742981 0.9585313200950623 0.059479665011167526 0.06185855716466904
0 0.347830593585968 0.3818110525608063 0.028551314026117325 0.04496803134679794
0 0.17835552990436554 0.23662009835243225 0.033421579748392105 0.04744663089513779
0 0.527643084526062 0.8958455920219421 0.045351605862379074 0.05348510667681694
0 0.5992311835289001 0.19050045311450958 0.02651960588991642 0.032876286655664444
0 0.18479962646961212 0.8402535915374756 0.05181765928864479 0.04806461185216904
0 0.529640793800354 0.4032575488090515 0.03937259316444397 0.03708810731768608
0 0.5787705183029175 0.88787841796875 0.05193125456571579 0.05335807800292969
0 0.6342349648475647 0.3933098614215851 0.02832658588886261 0.039603933691978455
