0 0.856934130191803 0.8485177755355835 0.14441052079200745 0.3021613657474518
0 0.29439830780029297 0.8390908241271973 0.11429595947265625 0.3218182921409607
0 0.2800644338130951 0.4962778687477112 0.11198849976062775 0.3830869495868683
0 0.6522749662399292 0.6574198603630066 0.09985218197107315 0.3571717143058777
0 0.5953497290611267 0.12405211478471756 0.08205318450927734 0.24728423357009888
0 0.5790607333183289 0.8541634678840637 0.09785696864128113 0.2912527322769165
0 0.34943562746047974 0.18189559876918793 0.07593746483325958 0.30522677302360535
0 0.07625492662191391 0.6602650880813599 0.12897247076034546 0.37539926171302795
0 0.19108422100543976 0.6607157588005066 0.1124427318572998 0.37162578105926514
0 0.4632972776889801 0.5523278117179871 0.18048401176929474 0.33731430768966675
0 0.7211631536483765 0.5796970725059509 0.08906154334545135 0.35570234060287476
0 0.5816253423690796 0.6780853867530823 0.13279294967651367 0.3123081922531128
0 0.9519296884536743 0.8687254190444946 0.09556732326745987 0.2625490725040436
0 0.9522062540054321 0.32741546630859375 0.0937572494149208 0.3121671974658966
0 0.9514854550361633 0.6134472489356995 0.09579849243164062 0.3017682433128357
0 0.7401419281959534 0.25848934054374695 0.08238506317138672 0.2756086587905884
0 0.8414527773857117 0.16230669617652893 0.07259483635425568 0.27094566822052
0 0.8521120548248291 0.6933748722076416 0.18536376953125 0.22313538193702698
0 0.6825714707374573 0.41852596402168274 0.10482228547334671 0.21030527353286743
0 0.7925800681114197 0.22149944305419922 0.062384795397520065 0.29629504680633545
0 0.1626690924167633 0.46751150488853455 0.10098056495189667 0.2614123523235321
0 0.9821188449859619 0.09220825880765915 0.03527526929974556 0.18425503373146057
0 0.23105821013450623 0.43679407238960266 0.06523715704679489 0.30030617117881775
0 0.22966785728931427 0.13274258375167847 0.07868526875972748 0.18545888364315033
0 0.8293675780296326 0.5767313838005066 0.1476650834083557 0.4024627208709717
0 0.08082609623670578 0.0676288977265358 0.09968108683824539 0.13399799168109894
0 0.03049492835998535 0.5578339695930481 0.0609898567199707 0.39749854803085327
0 0.6858443021774292 0.05681934952735901 0.05079593509435654 0.11363869905471802
0 0.8174198865890503 0.04691392555832863 0.0634685531258583 0.09382785111665726
0 0.22064192593097687 0.03591342642903328 0.07050061225891113 0.07182685285806656
0 0.4347899854183197 0.2407061755657196 0.12115927040576935 0.28424298763275146
