0 0.4981760084629059 0.8131754398345947 0.030586814507842064 0.11699192970991135
0 0.7050042748451233 0.5766112208366394 0.028197607025504112 0.08764317631721497
0 0.5745578408241272 0.8229671120643616 0.03876126557588577 0.09767524152994156
0 0.7565896511077881 0.648606538772583 0.02096118964254856 0.06433957070112228
0 0.6036199927330017 0.3707471191883087 0.026591110974550247 0.09713847190141678
0 0.4938725531101227 0.6493203639984131 0.01906566694378853 0.07917022705078125
0 0.2674753963947296 0.8869546055793762 0.033677563071250916 0.1187950149178505
0 0.4183194041252136 0.8463470339775085 0.03406848758459091 0.10341940820217133
0 0.30038097500801086 0.8227840662002563 0.0315493568778038 0.09814631193876266
0 0.3635144531726837 0.8425752520561218 0.03889373317360878 0.11541688442230225
0 0.016986317932605743 0.5346670150756836 0.021800369024276733 0.07863451540470123
0 0.6722665429115295 0.7050029039382935 0.02149066887795925 0.0888066217303276
0 0.4650263786315918 0.7973639369010925 0.02997875213623047 0.06480373442173004
0 0.654413640499115 0.6802066564559937 0.02334899827837944 0.07912593334913254
0 0.13518480956554413 0.47614187002182007 0.025226306170225143 0.07703530788421631
