0 0.7858213186264038 0.8207634687423706 0.18919792771339417 0.3570295572280884
0 0.037557341158390045 0.8309621810913086 0.07506962865591049 0.32992061972618103
0 0.5985257029533386 0.874700665473938 0.15712957084178925 0.24822083115577698
0 0.14452145993709564 0.8210493326187134 0.11300480365753174 0.34817367792129517
0 0.4889075756072998 0.8379377722740173 0.08326606452465057 0.3157133460044861
0 0.9028759002685547 0.822765588760376 0.13986548781394958 0.35289543867111206
0 0.40343180298805237 0.8801327347755432 0.11813237518072128 0.2378319650888443
0 0.9634298086166382 0.8213993310928345 0.07262344658374786 0.34799957275390625
0 0.5870308876037598 0.7812166810035706 0.11794853210449219 0.27254095673561096
0 0.31021490693092346 0.834517240524292 0.11652650684118271 0.3276641368865967
0 0.4321309030056 0.7728514075279236 0.06516359001398087 0.2959645688533783
0 0.25815925002098083 0.841674268245697 0.08671383559703827 0.3121066689491272
