0 0.3565696179866791 0.5960699915885925 0.1291920691728592 0.3485170900821686
0 0.2750452756881714 0.8167014122009277 0.15120510756969452 0.36629346013069153
0 0.8085454702377319 0.9108850955963135 0.14758682250976562 0.17721734941005707
0 0.20173673331737518 0.44718313217163086 0.14193008840084076 0.3325353264808655
0 0.9424287676811218 0.8688195943832397 0.11429443210363388 0.2623608112335205
0 0.526236891746521 0.7734490036964417 0.1185760498046875 0.32942160964012146
0 0.8551692962646484 0.6040998697280884 0.1665658950805664 0.3640664517879486
0 0.396530419588089 0.47209790349006653 0.10198430716991425 0.3714950680732727
0 0.4523759186267853 0.305960088968277 0.11245155334472656 0.335944801568985
0 0.697201669216156 0.4080939292907715 0.09320469200611115 0.2992628812789917
0 0.8552255034446716 0.320263147354126 0.0764196366071701 0.26394885778427124
0 0.5688163638114929 0.17781855165958405 0.08288418501615524 0.3192625641822815
0 0.8051019906997681 0.5367934107780457 0.09859123080968857 0.32784590125083923
0 0.08982191234827042 0.3698989748954773 0.11714734882116318 0.34830230474472046
0 0.20773424208164215 0.20556572079658508 0.07959256321191788 0.3091939389705658
0 0.9007283449172974 0.038842737674713135 0.05893383175134659 0.07724187523126602
0 0.6652691960334778 0.26529747247695923 0.10178013145923615 0.29932528734207153
0 0.7965632677078247 0.2960472106933594 0.07699572294950485 0.26495182514190674
0 0.16611304879188538 0.10872767865657806 0.0762297660112381 0.21745535731315613
0 0.4840458631515503 0.1849389374256134 0.07580862194299698 0.2986782193183899
0 0.04749475419521332 0.446945458650589 0.09498950839042664 0.31329599022865295
0 0.24182693660259247 0.13058917224407196 0.06998351216316223 0.2611783444881439
0 0.4091694951057434 0.15480640530586243 0.08235988765954971 0.293914258480072
0 0.9862955212593079 0.06674912571907043 0.026620864868164062 0.13185133039951324
0 0.03425022214651108 0.2360740602016449 0.06850044429302216 0.22967147827148438
0 0.30840378999710083 0.22750896215438843 0.07597099989652634 0.37146809697151184
