0 0.8275880813598633 0.8401744365692139 0.104248046875 0.3190475106239319
0 0.9407020807266235 0.6834542751312256 0.11779975891113281 0.3223817050457001
0 0.025256896391510963 0.16623778641223907 0.05038261413574219 0.3159788250923157
0 0.5272156596183777 0.6812437772750854 0.09915675967931747 0.37239354848861694
0 0.27131417393684387 0.7278578281402588 0.11519274860620499 0.3981156349182129
0 0.6306292414665222 0.4493970572948456 0.11387462913990021 0.3739223778247833
0 0.8867003321647644 0.5118236541748047 0.13255730271339417 0.3537287414073944
0 0.42843514680862427 0.8352636694908142 0.09941142052412033 0.30434149503707886
0 0.4206902086734772 0.5308045148849487 0.11820357292890549 0.3071570098400116
0 0.813370943069458 0.36969348788261414 0.11041603237390518 0.338957816362381
0 0.08527515083551407 0.5903133749961853 0.09479203075170517 0.3425155580043793
0 0.36697179079055786 0.879179060459137 0.10583887249231339 0.2406221181154251
0 0.12231899797916412 0.3342214524745941 0.08509723842144012 0.31825751066207886
0 0.29312434792518616 0.27190133929252625 0.09383667260408401 0.308437317609787
0 0.3228319585323334 0.5431692600250244 0.08671188354492188 0.32656049728393555
0 0.19558760523796082 0.8179989457130432 0.18902096152305603 0.3637528717517853
0 0.36039140820503235 0.12724754214286804 0.09936612099409103 0.2538599967956543
0 0.6885203123092651 0.3625321686267853 0.07940463721752167 0.30329182744026184
0 0.4486837387084961 0.195561021566391 0.08009014278650284 0.34550362825393677
0 0.18326686322689056 0.44941067695617676 0.10085703432559967 0.2087557315826416
0 0.3941337466239929 0.2824252247810364 0.08160746842622757 0.26211926341056824
0 0.6398209929466248 0.22921843826770782 0.09297733008861542 0.1993541270494461
0 0.5614468455314636 0.17632178962230682 0.07697979360818863 0.3142712116241455
0 0.6088296175003052 0.18237856030464172 0.10248623043298721 0.29395976662635803
0 0.8697144985198975 0.1300458014011383 0.13515491783618927 0.2600916028022766
