0 0.2421351820230484 0.801019012928009 0.18834038078784943 0.3961127698421478
0 0.7491605281829834 0.33133167028427124 0.12468235939741135 0.3369302749633789
0 0.3948571979999542 0.8889814019203186 0.12428423762321472 0.2204132080078125
0 0.6047947406768799 0.5964329242706299 0.14406195282936096 0.32931989431381226
0 0.5092840790748596 0.7069554924964905 0.09688068926334381 0.39696502685546875
0 0.7035443782806396 0.2186492681503296 0.10653209686279297 0.30217570066452026
0 0.9303510785102844 0.3960908353328705 0.12305030971765518 0.3621440529823303
0 0.401618093252182 0.337983101606369 0.08703784644603729 0.33800172805786133
0 0.32703524827957153 0.6265193819999695 0.09782810509204865 0.34725722670555115
0 0.1614650934934616 0.7069794535636902 0.08594958484172821 0.3733280301094055
0 0.7965271472930908 0.15250450372695923 0.08003006130456924 0.30500900745391846
0 0.4415440857410431 0.640198290348053 0.08445396274328232 0.3609212636947632
0 0.1707480549812317 0.3698919117450714 0.11224450170993805 0.2900005877017975
0 0.9540599584579468 0.5163506865501404 0.09130630642175674 0.29952722787857056
0 0.6415759921073914 0.16254860162734985 0.07049159705638885 0.2837654948234558
0 0.34516194462776184 0.24701039493083954 0.05746879428625107 0.29034224152565
0 0.26901137828826904 0.5125399827957153 0.06416292488574982 0.3159562945365906
0 0.9609543085098267 0.8954241275787354 0.07721023261547089 0.2079767882823944
0 0.9694682955741882 0.08388514816761017 0.06010780483484268 0.16777029633522034
0 0.09855254739522934 0.321527898311615 0.09761803597211838 0.2985261380672455
0 0.9643571972846985 0.7656108140945435 0.0702415481209755 0.18629896640777588
0 0.48545196652412415 0.15627695620059967 0.06604623794555664 0.30000627040863037
0 0.04017948359251022 0.6228154897689819 0.08028212934732437 0.3371069133281708
0 0.42804762721061707 0.12993840873241425 0.0808873176574707 0.2598768174648285
0 0.5858790278434753 0.3329521417617798 0.08071880042552948 0.20572878420352936
0 0.1910860389471054 0.247763529419899 0.0837700366973877 0.28654053807258606
0 0.9537606835365295 0.5870949029922485 0.09203052520751953 0.16181233525276184
