0 0.10199165344238281 0.6498148441314697 0.045929860323667526 0.15610626339912415
0 0.8641365170478821 0.790314793586731 0.04696369171142578 0.16830329596996307
0 0.19815702736377716 0.5903527736663818 0.04238862916827202 0.16517435014247894
0 0.16171713173389435 0.5947905778884888 0.04160642623901367 0.15591035783290863
0 0.032534219324588776 0.8181796669960022 0.06400220096111298 0.19869714975357056
0 0.09991607815027237 0.8061085939407349 0.04775785654783249 0.17558008432388306
0 0.018050922080874443 0.5955209732055664 0.03600354492664337 0.1668219268321991
0 0.7700117826461792 0.8158814907073975 0.052462197840213776 0.17357304692268372
0 0.32498201727867126 0.6118096113204956 0.040772341191768646 0.1648731231689453
0 0.6848971247673035 0.6364029049873352 0.04391307756304741 0.1622377634048462
0 0.5544760227203369 0.6017571091651917 0.037828318774700165 0.15243466198444366
0 0.7339757084846497 0.5357248187065125 0.03561992570757866 0.1362425535917282
0 0.5116756558418274 0.6123805046081543 0.04309673234820366 0.18299204111099243
0 0.7759417295455933 0.5639695525169373 0.03482971340417862 0.1266166716814041
0 0.7089595794677734 0.566959023475647 0.03795337677001953 0.14427095651626587
0 0.5999155640602112 0.7742648720741272 0.07766647636890411 0.1900642365217209
0 0.8021396994590759 0.46568015217781067 0.03476867824792862 0.1277107298374176
