0 0.6173033118247986 0.6127958297729492 0.1704760193824768 0.40502631664276123
0 0.2908709645271301 0.7975472211837769 0.11019726097583771 0.401143342256546
0 0.9354089498519897 0.4663146138191223 0.1287376433610916 0.4111178517341614
0 0.46103304624557495 0.7089297771453857 0.17427536845207214 0.3970465362071991
0 0.46141892671585083 0.8962799310684204 0.13112182915210724 0.20598043501377106
0 0.14613333344459534 0.7095639109611511 0.12007591128349304 0.3659755289554596
0 0.32107099890708923 0.2654348313808441 0.11704810708761215 0.30143243074417114
0 0.4224318563938141 0.3305930197238922 0.08685855567455292 0.34487608075141907
0 0.7986921668052673 0.31021010875701904 0.07483253628015518 0.33732718229293823
0 0.42465293407440186 0.12391002476215363 0.08892958611249924 0.24752762913703918
0 0.3522086441516876 0.627962052822113 0.0978003516793251 0.3410993218421936
0 0.9695248007774353 0.0860014483332634 0.05956268310546875 0.17109815776348114
0 0.039621226489543915 0.7784914374351501 0.07924245297908783 0.3083350658416748
0 0.1700286567211151 0.9823653101921082 0.05537261813879013 0.03421257808804512
0 0.9756346344947815 0.8671143651008606 0.04766826704144478 0.2648305296897888
0 0.20072442293167114 0.6031681895256042 0.09830904006958008 0.31963425874710083
0 0.7558556795120239 0.13004040718078613 0.08958377689123154 0.25851112604141235
0 0.159968301653862 0.330828458070755 0.09066331386566162 0.2988480031490326
0 0.696469247341156 0.22242891788482666 0.0854734405875206 0.2904740571975708
0 0.03893498703837395 0.26334401965141296 0.0725012943148613 0.1897726207971573
0 0.4833224415779114 0.4816216230392456 0.08589114993810654 0.23428764939308167
0 0.5585880279541016 0.52032870054245 0.07651786506175995 0.34392622113227844
