0 0.6773443818092346 0.8758671879768372 0.06606896966695786 0.20294290781021118
0 0.14420823752880096 0.6444976925849915 0.053380776196718216 0.151783749461174
0 0.7884946465492249 0.7810865044593811 0.05378354340791702 0.1990615874528885
0 0.8684225082397461 0.9103301763534546 0.07517509162425995 0.177662655711174
0 0.7348567843437195 0.8700398802757263 0.051019731909036636 0.19827872514724731
0 0.07804880291223526 0.6245256066322327 0.04890205338597298 0.1533360779285431
0 0.5860248804092407 0.7509101629257202 0.0653308853507042 0.19417673349380493
0 0.5971921682357788 0.6054118871688843 0.04456443712115288 0.1597415953874588
0 0.7220048308372498 0.5581637024879456 0.04246152192354202 0.1416061371564865
0 0.027204399928450584 0.5961964726448059 0.0362713597714901 0.15424682199954987
0 0.13374552130699158 0.5040252804756165 0.03813343122601509 0.1412532776594162
0 0.24228398501873016 0.5083924531936646 0.03812732547521591 0.1455022245645523
0 0.21033300459384918 0.5180820226669312 0.03798270225524902 0.13895124197006226
0 0.6468761563301086 0.6011241674423218 0.04052410274744034 0.15108469128608704
0 0.7100339531898499 0.7006982564926147 0.0441816970705986 0.1653679758310318
0 0.6249586939811707 0.3937244415283203 0.02210063859820366 0.11876271665096283
