0 0.4437321722507477 0.6127215623855591 0.04544849321246147 0.18213240802288055
0 0.07674358785152435 0.8787334561347961 0.06326968967914581 0.2421140819787979
0 0.21004758775234222 0.810920000076294 0.06335778534412384 0.185505673289299
0 0.2690386176109314 0.7767556309700012 0.04076174274086952 0.2274661660194397
0 0.59071284532547 0.5542876124382019 0.03186626359820366 0.18386654555797577
0 0.28315630555152893 0.5625157952308655 0.04404902458190918 0.191192626953125
0 0.15982964634895325 0.7830876708030701 0.0516664981842041 0.22882114350795746
0 0.4087294042110443 0.6067428588867188 0.044756125658750534 0.20244377851486206
0 0.4791938066482544 0.4782659411430359 0.02868185006082058 0.1701693832874298
0 0.1302885115146637 0.8668792843818665 0.05276651307940483 0.22961968183517456
0 0.4385126233100891 0.8529520630836487 0.05636310577392578 0.1674172282218933
0 0.14507204294204712 0.6367211937904358 0.04791220650076866 0.19073249399662018
0 0.5224666595458984 0.45859935879707336 0.029911041259765625 0.14801472425460815
0 0.10009701550006866 0.6411948800086975 0.05002298206090927 0.21390409767627716
0 0.5627304315567017 0.5284631252288818 0.03066101111471653 0.1821848303079605
