0 0.9282186627388 0.8770697116851807 0.08192215114831924 0.2446492463350296
0 0.6317021250724792 0.9418869614601135 0.08987846225500107 0.1154276505112648
0 0.6131860613822937 0.6919158697128296 0.0892181396484375 0.1740419566631317
0 0.6796211004257202 0.9443037509918213 0.054170988500118256 0.1105089858174324
0 0.949131965637207 0.600818932056427 0.051068879663944244 0.1944633424282074
0 0.5757770538330078 0.4476246237754822 0.050334103405475616 0.15990804135799408
0 0.5044612884521484 0.3492887318134308 0.023009205237030983 0.10097789764404297
0 0.1290222704410553 0.69868403673172 0.049181364476680756 0.21626430749893188
0 0.3656044900417328 0.2990638017654419 0.0296491626650095 0.10088742524385452
0 0.10312537848949432 0.7008205056190491 0.03034966066479683 0.19521784782409668
