0 0.7912314534187317 0.8152055740356445 0.17418842017650604 0.36836349964141846
0 0.6246859431266785 0.8762730956077576 0.17776842415332794 0.2460225373506546
0 0.03780704364180565 0.8277347087860107 0.07559753954410553 0.33561909198760986
0 0.9716428518295288 0.8260217308998108 0.05552558973431587 0.338120698928833
0 0.1463780552148819 0.8183308243751526 0.11149509251117706 0.35494181513786316
0 0.4890919625759125 0.8420060873031616 0.08363647758960724 0.3074952960014343
0 0.8975454568862915 0.8165662884712219 0.12568549811840057 0.3661760091781616
0 0.5804081559181213 0.8059718012809753 0.09080743789672852 0.31399857997894287
0 0.3946002423763275 0.8740507364273071 0.09990587085485458 0.24708081781864166
0 0.25358572602272034 0.8363545536994934 0.08646698296070099 0.3201538026332855
0 0.3106665015220642 0.8315302729606628 0.10721397399902344 0.3340720236301422
0 0.9535344839096069 0.6799322962760925 0.0753568634390831 0.21141459047794342
