0 0.8654826879501343 0.78774094581604 0.04953040927648544 0.17408442497253418
0 0.6113603711128235 0.944317102432251 0.06597976386547089 0.11079059541225433
0 0.6574719548225403 0.8009046912193298 0.06204884871840477 0.19627609848976135
0 0.20359483361244202 0.6829335689544678 0.046799372881650925 0.18293681740760803
0 0.11232592165470123 0.6806141138076782 0.04586215689778328 0.1699211150407791
0 0.16391249001026154 0.6983787417411804 0.054027605801820755 0.18587341904640198
0 0.7115738987922668 0.6541649103164673 0.047075845301151276 0.16418834030628204
0 0.7620707750320435 0.6026230454444885 0.04035644605755806 0.16649453341960907
0 0.03480197861790657 0.6638641357421875 0.0377667099237442 0.16043497622013092
0 0.31034621596336365 0.45061179995536804 0.038860224187374115 0.1172686293721199
0 0.06365296989679337 0.5333915948867798 0.05098554864525795 0.12481282651424408
0 0.60715651512146 0.6064835786819458 0.03424390032887459 0.13827234506607056
