0 0.43253785371780396 0.8559476137161255 0.05565605312585831 0.1818547546863556
0 0.6562408804893494 0.937303900718689 0.05627021938562393 0.12474772334098816
0 0.06854689866304398 0.7194145321846008 0.04886699467897415 0.1772053986787796
0 0.4634528160095215 0.6399084329605103 0.04800567775964737 0.12621675431728363
0 0.17490898072719574 0.7299948930740356 0.050058651715517044 0.177778959274292
0 0.6693654656410217 0.8142403364181519 0.055059242993593216 0.15777994692325592
0 0.40061232447624207 0.6845950484275818 0.03784627839922905 0.12763705849647522
0 0.5963079333305359 0.620789110660553 0.04023551940917969 0.15757852792739868
0 0.22705264389514923 0.59604811668396 0.03455705568194389 0.13148537278175354
0 0.9002698659896851 0.9333674907684326 0.061276625841856 0.13229013979434967
0 0.19776777923107147 0.5457044243812561 0.03251800686120987 0.12437553703784943
0 0.6279969811439514 0.594534695148468 0.03129177168011665 0.11369120329618454
0 0.9675226211547852 0.9203654527664185 0.06386222690343857 0.15870462357997894
0 0.7616902589797974 0.8702958822250366 0.062101174145936966 0.15429458022117615
0 0.06808803975582123 0.5566691160202026 0.03175302594900131 0.12303140759468079
0 0.8086021542549133 0.9276416301727295 0.0785621628165245 0.1438140869140625
0 0.9353351593017578 0.35189875960350037 0.021674538031220436 0.0732855498790741
