0 0.7108062505722046 0.6123144030570984 0.022189119830727577 0.09251343458890915
0 0.8710306882858276 0.25632062554359436 0.020594025030732155 0.09079748392105103
0 0.8322213292121887 0.7635648846626282 0.02669406495988369 0.09262402355670929
0 0.8453333377838135 0.25843459367752075 0.015897369012236595 0.0797707810997963
0 0.7673408389091492 0.423318088054657 0.01981726661324501 0.09900400787591934
0 0.7852991819381714 0.6493558287620544 0.023256514221429825 0.09212864190340042
0 0.838283360004425 0.6170063018798828 0.02441864088177681 0.08996196836233139
0 0.8629896640777588 0.8516824841499329 0.029016537591814995 0.11391682922840118
0 0.9664135575294495 0.513153076171875 0.020893096923828125 0.09589914977550507
0 0.712290346622467 0.44490617513656616 0.01925676129758358 0.09178146719932556
0 0.8480806350708008 0.47971707582473755 0.02033844031393528 0.08497000485658646
0 0.9030401706695557 0.7079637050628662 0.02588501013815403 0.10964399576187134
0 0.9680659770965576 0.829803466796875 0.02947998046875 0.09757368266582489
0 0.7418253421783447 0.5609246492385864 0.019722918048501015 0.09543205797672272
