0 0.8588612675666809 0.5972660779953003 0.022707706317305565 0.09835898876190186
0 0.8686750531196594 0.7409448623657227 0.022060055285692215 0.0957714095711708
0 0.9136019945144653 0.7575651407241821 0.023427242413163185 0.10472454130649567
0 0.6762111783027649 0.6334699988365173 0.01985931396484375 0.10477651655673981
0 0.8362106084823608 0.31260305643081665 0.01977047324180603 0.08467249572277069
0 0.8264473080635071 0.6099629998207092 0.02518158033490181 0.09654609858989716
0 0.9556410312652588 0.8040076494216919 0.02595367468893528 0.1091858521103859
0 0.637099027633667 0.42470023036003113 0.024240493774414062 0.0918082445859909
0 0.9657689332962036 0.6742028594017029 0.023413509130477905 0.09707928448915482
0 0.47765618562698364 0.2953823506832123 0.02331678569316864 0.08331142365932465
0 0.8910403847694397 0.804556131362915 0.029593318700790405 0.11959974467754364
