0 0.9434762597084045 0.45846477150917053 0.11272106319665909 0.36365747451782227
0 0.8618215322494507 0.5411469340324402 0.11970710754394531 0.3440404236316681
0 0.5122682452201843 0.5587543249130249 0.11993767321109772 0.3859540820121765
0 0.6478791832923889 0.6640307903289795 0.09722576290369034 0.39075568318367004
0 0.2295512557029724 0.6720251441001892 0.11639474332332611 0.34664636850357056
0 0.20038938522338867 0.8151466250419617 0.13169127702713013 0.36678212881088257
0 0.11966399848461151 0.7774816751480103 0.14896275103092194 0.3413669466972351
0 0.06028308719396591 0.20424622297286987 0.08053065836429596 0.32312706112861633
0 0.7594548463821411 0.8253321051597595 0.13413569331169128 0.34843719005584717
0 0.6565758585929871 0.3543796241283417 0.10279171913862228 0.3041416108608246
0 0.7239812016487122 0.5819647312164307 0.09432443231344223 0.33343806862831116
0 0.29477304220199585 0.9105941653251648 0.1472526341676712 0.17794647812843323
0 0.3701329529285431 0.8452857136726379 0.11899213492870331 0.30847397446632385
0 0.5730571746826172 0.4218330681324005 0.1073673889040947 0.3746276795864105
0 0.35066601634025574 0.471829891204834 0.1000453308224678 0.30523040890693665
0 0.041341301053762436 0.6618388891220093 0.08268260210752487 0.38831913471221924
0 0.17326797544956207 0.5752465128898621 0.07270912826061249 0.21064236760139465
0 0.7873430252075195 0.3506963551044464 0.0795566588640213 0.2913469672203064
0 0.42153361439704895 0.33512645959854126 0.08896617591381073 0.34649205207824707
0 0.6055830121040344 0.1442686766386032 0.0763477310538292 0.2885373532772064
0 0.6848074793815613 0.10890834778547287 0.060670915991067886 0.21781669557094574
0 0.3438490331172943 0.6749217510223389 0.07190170139074326 0.2559666633605957
0 0.19217970967292786 0.048347875475883484 0.04653744772076607 0.096165232360363
