0 0.678291380405426 0.8880769610404968 0.07097969204187393 0.19466179609298706
0 0.761311948299408 0.8039596676826477 0.07674159854650497 0.20917023718357086
0 0.12385266274213791 0.8976687788963318 0.07215473800897598 0.2026197612285614
0 0.21127456426620483 0.531910240650177 0.042302560061216354 0.14428099989891052
0 0.6001150012016296 0.6682663559913635 0.04456482082605362 0.16463516652584076
0 0.1751052588224411 0.9033396244049072 0.05098741874098778 0.1921999603509903
0 0.5482603311538696 0.6707567572593689 0.05090179294347763 0.17508341372013092
0 0.21597890555858612 0.6678975224494934 0.035771943628787994 0.15694376826286316
0 0.09788881987333298 0.6309766173362732 0.045784782618284225 0.15147705376148224
0 0.7131136059761047 0.4648416340351105 0.030497360974550247 0.1292477548122406
0 0.31138917803764343 0.5956677794456482 0.049048423767089844 0.15872573852539062
0 0.1417367160320282 0.656390905380249 0.07317332178354263 0.17434662580490112
0 0.16655509173870087 0.5455430746078491 0.04090995714068413 0.1494467407464981
0 0.08252915740013123 0.5461451411247253 0.04912082105875015 0.1461285948753357
0 0.4598543047904968 0.5216540098190308 0.04224853590130806 0.12702429294586182
0 0.022833924740552902 0.5884275436401367 0.03574322536587715 0.15752525627613068
0 0.785641074180603 0.4766250252723694 0.03859831392765045 0.10767457634210587
0 0.7660859227180481 0.5975696444511414 0.05120360106229782 0.14915567636489868
0 0.8649710416793823 0.7873143553733826 0.03767814487218857 0.17262493073940277
0 0.6590746641159058 0.6563027501106262 0.05675773695111275 0.1316480040550232
0 0.8227956891059875 0.7728179693222046 0.0566585548222065 0.17676769196987152
0 0.5505386590957642 0.36739158630371094 0.029783567413687706 0.11461766809225082
0 0.7310689687728882 0.5999575853347778 0.03724784776568413 0.14659729599952698
0 0.27127835154533386 0.2993987500667572 0.041239023208618164 0.09215456992387772
