0 0.4952814280986786 0.8144338726997375 0.02829265594482422 0.12199028581380844
0 0.33826637268066406 0.8529515862464905 0.03468179702758789 0.1114787608385086
0 0.36964359879493713 0.8586580753326416 0.029898738488554955 0.10495045781135559
0 0.29371893405914307 0.833530843257904 0.03515777736902237 0.11533024907112122
0 0.6731134653091431 0.6362183690071106 0.025358200073242188 0.08108189702033997
0 0.7076219916343689 0.6553358435630798 0.02425403520464897 0.08808402717113495
0 0.5635903477668762 0.8114198446273804 0.029965782538056374 0.12130355834960938
0 0.37330934405326843 0.720937967300415 0.030289078131318092 0.10081761330366135
0 0.539380669593811 0.6644096374511719 0.025792693719267845 0.0846661850810051
0 0.6683639287948608 0.7108895182609558 0.02619457244873047 0.087932288646698
0 0.46510037779808044 0.8080376386642456 0.02424316480755806 0.08333808183670044
0 0.5017645359039307 0.6621109247207642 0.03076753579080105 0.0952351912856102
0 0.6432278752326965 0.640302300453186 0.02541809156537056 0.08364321291446686
0 0.9528462290763855 0.6381633281707764 0.030022811144590378 0.07948900759220123
0 0.5551035404205322 0.8092537522315979 0.04536380618810654 0.1292872130870819
0 0.6329699158668518 0.7139127254486084 0.031991004943847656 0.08364295959472656
