0 0.21277011930942535 0.6257238388061523 0.04275164753198624 0.1699293702840805
0 0.0179694015532732 0.7566098570823669 0.0359388031065464 0.20028622448444366
0 0.7290014624595642 0.8709287047386169 0.05529670789837837 0.1834665983915329
0 0.8644209504127502 0.7875936031341553 0.0423583984375 0.17510905861854553
0 0.05835381895303726 0.7547281980514526 0.051792580634355545 0.18221914768218994
0 0.5542100071907043 0.6681917309761047 0.04571361467242241 0.1584407389163971
0 0.7047910690307617 0.5802695155143738 0.04442863538861275 0.15371881425380707
0 0.020203987136483192 0.5911629796028137 0.03981170803308487 0.13964411616325378
0 0.07993972301483154 0.6489766240119934 0.0363830104470253 0.15461955964565277
0 0.17473872005939484 0.6377453207969666 0.04584372788667679 0.17134208977222443
0 0.06874111294746399 0.5412428379058838 0.05161461606621742 0.127677783370018
0 0.587203860282898 0.5478322505950928 0.0405147559940815 0.15943235158920288
0 0.7521123290061951 0.6527829766273499 0.04616870731115341 0.1746680736541748
0 0.6612398624420166 0.7237105369567871 0.05318870395421982 0.19679903984069824
