0 0.4847715497016907 0.7419218420982361 0.1273191124200821 0.39331865310668945
0 0.9012190103530884 0.8603137731552124 0.1220909133553505 0.27788645029067993
0 0.33762991428375244 0.7036070823669434 0.1391010284423828 0.41807693243026733
0 0.789631724357605 0.522380530834198 0.12126350402832031 0.3635023236274719
0 0.7327436804771423 0.8855852484703064 0.09476318210363388 0.22787831723690033
0 0.9307800531387329 0.5857949256896973 0.12931518256664276 0.3248855471611023
0 0.19032660126686096 0.5755192637443542 0.12570767104625702 0.3525223731994629
0 0.5980264544487 0.5748015642166138 0.1380264312028885 0.32987576723098755
0 0.13275501132011414 0.7427585124969482 0.1466972380876541 0.3640073239803314
0 0.889339804649353 0.4430592954158783 0.12854918837547302 0.3573194146156311
0 0.0591672882437706 0.8284311294555664 0.1183345764875412 0.34266746044158936
0 0.056332778185606 0.3485128581523895 0.10022544860839844 0.3312309980392456
0 0.3745079040527344 0.43579965829849243 0.10939951241016388 0.3786331117153168
0 0.6295440793037415 0.29240748286247253 0.09146595001220703 0.3035978674888611
0 0.25516852736473083 0.2875557839870453 0.08308280259370804 0.30317389965057373
0 0.7290248870849609 0.20173123478889465 0.08343512564897537 0.2888880968093872
0 0.5201237797737122 0.08794286847114563 0.08154697716236115 0.17521868646144867
0 0.4480002820491791 0.08034147322177887 0.06948642432689667 0.16062259674072266
0 0.3478493094444275 0.2253115326166153 0.06627330929040909 0.21931634843349457
0 0.5537132620811462 0.2966049611568451 0.0645853653550148 0.2622344195842743
0 0.5058161616325378 0.46520334482192993 0.10147701948881149 0.3583458364009857
0 0.38760215044021606 0.06907553970813751 0.046549033373594284 0.13815107941627502
0 0.7717875242233276 0.29929813742637634 0.09365024417638779 0.24436308443546295
0 0.6103061437606812 0.11235154420137405 0.07032184302806854 0.22436070442199707
0 0.08675019443035126 0.11926417052745819 0.08149740099906921 0.23804378509521484
0 0.4387110769748688 0.3340376615524292 0.07038116455078125 0.36370569467544556
0 0.28803130984306335 0.1481938362121582 0.08882532268762589 0.2963876724243164
0 0.7723529934883118 0.3621668219566345 0.09509201347827911 0.3715740144252777
