0 0.7093912959098816 0.8683875799179077 0.06249796599149704 0.06486053764820099
0 0.6700959205627441 0.9467427730560303 0.060031015425920486 0.06257228553295135
0 0.5653182864189148 0.8674243688583374 0.05829128623008728 0.050366781651973724
0 0.12506769597530365 0.8144406676292419 0.052445221692323685 0.057284992188215256
0 0.35385361313819885 0.3814978301525116 0.02521769143640995 0.04255876690149307
0 0.849242627620697 0.21720068156719208 0.03577372059226036 0.03876657411456108
0 0.5288959741592407 0.4044017791748047 0.0390099436044693 0.03615369647741318
0 0.05846596881747246 0.21826158463954926 0.03674394637346268 0.04514183849096298
0 0.22635802626609802 0.2228120118379593 0.02920396625995636 0.03692755848169327
0 0.8446716070175171 0.9358258843421936 0.04487982764840126 0.058876991271972656
0 0.8026618361473083 0.9420526623725891 0.05454033613204956 0.055392075330019
0 0.7609220743179321 0.3935524523258209 0.035430908203125 0.05204477161169052
0 0.4546842873096466 0.6760203838348389 0.050452254712581635 0.05714505538344383
0 0.7902873158454895 0.500756561756134 0.0457390695810318 0.04382791370153427
0 0.6354436874389648 0.39472121000289917 0.03027055598795414 0.04195547103881836
0 0.6505868434906006 0.6219436526298523 0.03662211075425148 0.05512390285730362
0 0.6767434477806091 0.3811807632446289 0.0373983308672905 0.038918398320674896
0 0.327188104391098 0.1812116503715515 0.02961733750998974 0.043317731469869614
