0 0.8756071925163269 0.8541900515556335 0.11190223693847656 0.28816086053848267
0 0.1084209680557251 0.8479992151260376 0.11641998589038849 0.2949856221675873
0 0.7488340139389038 0.8653562664985657 0.15469074249267578 0.26928743720054626
0 0.9523999094963074 0.6991708278656006 0.08806304633617401 0.29903802275657654
0 0.47339338064193726 0.8529868125915527 0.0847267135977745 0.2849399149417877
0 0.022029170766472816 0.8939459919929504 0.0439194031059742 0.21085748076438904
0 0.22450605034828186 0.8617758750915527 0.0920315757393837 0.2760043740272522
0 0.28553733229637146 0.8527355790138245 0.1110934242606163 0.2935282289981842
0 0.40104660391807556 0.7876176834106445 0.07163810729980469 0.27158424258232117
0 0.8028810620307922 0.7512028217315674 0.07055988162755966 0.3488888144493103
0 0.7508877515792847 0.6641066074371338 0.07396707683801651 0.17040489614009857
0 0.6390337944030762 0.8709784746170044 0.1121179610490799 0.25617778301239014
