0 0.743112325668335 0.8565911054611206 0.055675823241472244 0.1943574696779251
0 0.06979337334632874 0.7765378355979919 0.05031636729836464 0.18801061809062958
0 0.5618398785591125 0.7008014917373657 0.05222778394818306 0.17818717658519745
0 0.20674623548984528 0.6148439049720764 0.04646001011133194 0.16217321157455444
0 0.8645654916763306 0.7873489260673523 0.04448356479406357 0.17351490259170532
0 0.024499816820025444 0.770686686038971 0.048684023320674896 0.20645421743392944
0 0.7675976157188416 0.6718681454658508 0.057737477123737335 0.19003041088581085
0 0.17028185725212097 0.6243724822998047 0.046300601214170456 0.1712445616722107
0 0.08789946138858795 0.6414764523506165 0.04647758975625038 0.14809592068195343
0 0.5006664991378784 0.5779736638069153 0.04185619205236435 0.1499229371547699
0 0.7091238498687744 0.5819993615150452 0.0359622947871685 0.15466588735580444
0 0.6428305506706238 0.7338258624076843 0.05551230162382126 0.17666803300380707
0 0.6101329922676086 0.5903687477111816 0.035356901586055756 0.16521212458610535
0 0.7553333044052124 0.47086334228515625 0.03554375842213631 0.12255117297172546
0 0.24672813713550568 0.6023122072219849 0.041840825229883194 0.13225021958351135
0 0.39082252979278564 0.5471490025520325 0.03244244307279587 0.12689819931983948
0 0.01776299998164177 0.5945404171943665 0.03552599996328354 0.14125671982765198
0 0.35637161135673523 0.5790339112281799 0.035533905029296875 0.13913129270076752
