0 0.27382785081863403 0.5526831746101379 0.08074196428060532 0.2447349578142166
0 0.19818636775016785 0.5208913683891296 0.0798739418387413 0.23085734248161316
0 0.8435603976249695 0.5873388648033142 0.03324394300580025 0.11696802824735641
0 0.13504652678966522 0.12642113864421844 0.035165540874004364 0.14195483922958374
0 0.07023902982473373 0.4646366536617279 0.071165069937706 0.2649761736392975
0 0.6627542972564697 0.6863963603973389 0.06466178596019745 0.15499864518642426
0 0.3824126422405243 0.5965602397918701 0.06789204478263855 0.22068443894386292
0 0.47113174200057983 0.6432137489318848 0.05221214145421982 0.18292121589183807
0 0.7913343906402588 0.4128700792789459 0.02557595632970333 0.07913029938936234
0 0.8982483148574829 0.4166434407234192 0.023104095831513405 0.08563880622386932
0 0.3849349021911621 0.16312925517559052 0.024823570623993874 0.07222604006528854
0 0.8367432951927185 0.5889033675193787 0.045396994799375534 0.11944058537483215
0 0.8228143453598022 0.5329117774963379 0.032162856310606 0.11625882983207703
0 0.43547144532203674 0.5871122479438782 0.033235739916563034 0.11469103395938873
0 0.9265575408935547 0.4287230670452118 0.026077842339873314 0.07321467995643616
0 0.4080963134765625 0.17520830035209656 0.028875350952148438 0.08636397123336792
0 0.8162549138069153 0.39043617248535156 0.026130104437470436 0.07490956783294678
