0 0.9796172976493835 0.7325159907341003 0.04027595371007919 0.3415699899196625
0 0.11513344943523407 0.843803346157074 0.12809070944786072 0.3010421693325043
0 0.03318195790052414 0.8560305237770081 0.06631185114383698 0.2871841490268707
0 0.7630230784416199 0.8295780420303345 0.10198535770177841 0.33452215790748596
0 0.6877397298812866 0.8486778140068054 0.09648895263671875 0.29582586884498596
0 0.8961137533187866 0.7168097496032715 0.06974335014820099 0.35073885321617126
0 0.29236823320388794 0.8530353307723999 0.11825928837060928 0.2926679849624634
0 0.624065101146698 0.8548156023025513 0.08567695319652557 0.29014095664024353
0 0.23528921604156494 0.8580077886581421 0.08124656975269318 0.2762495279312134
0 0.4824986457824707 0.8526601195335388 0.08680400997400284 0.28503280878067017
0 0.5778201222419739 0.9128857254981995 0.09498844295740128 0.17422857880592346
0 0.3818165361881256 0.8927369117736816 0.10583066940307617 0.214522123336792
0 0.19192476570606232 0.8265988826751709 0.0637480765581131 0.3402647376060486
0 0.8503254055976868 0.7591333985328674 0.05385551601648331 0.29196983575820923
0 0.8032533526420593 0.7817569375038147 0.06687207520008087 0.40587908029556274
0 0.415227472782135 0.789294958114624 0.0698736160993576 0.28527557849884033
0 0.9290077090263367 0.6140167713165283 0.03988609462976456 0.23324254155158997
