0 0.8100782632827759 0.8394339680671692 0.2101784199476242 0.3188486695289612
0 0.049658842384815216 0.8347861170768738 0.09601790457963943 0.32268354296684265
0 0.027595853433012962 0.859217643737793 0.05500664561986923 0.27880147099494934
0 0.16925910115242004 0.8210837244987488 0.1114257350564003 0.34720149636268616
0 0.5727056264877319 0.8328479528427124 0.09553156048059464 0.32543012499809265
0 0.6537001729011536 0.8003237247467041 0.09077835083007812 0.3900800943374634
0 0.2686421573162079 0.8188999891281128 0.09188751876354218 0.3530585467815399
0 0.5119273066520691 0.837656557559967 0.0849088653922081 0.3229765295982361
0 0.9309673309326172 0.8409774899482727 0.1372886598110199 0.3121202290058136
0 0.32991012930870056 0.8329806923866272 0.1351032257080078 0.3313504159450531
0 0.22414322197437286 0.6915191411972046 0.06044292449951172 0.20176760852336884
0 0.13151654601097107 0.7795745730400085 0.07075934112071991 0.42531245946884155
0 0.7244856953620911 0.863544225692749 0.10405321419239044 0.27198436856269836
