0 0.1599140167236328 0.7833094000816345 0.07020644843578339 0.19870321452617645
0 0.04435589164495468 0.7742713689804077 0.06156166270375252 0.19292539358139038
0 0.7022374868392944 0.6317731142044067 0.04241599887609482 0.1654261201620102
0 0.651253342628479 0.7815688848495483 0.0626453384757042 0.19283193349838257
0 0.07022369652986526 0.5500615239143372 0.052166640758514404 0.152964785695076
0 0.5615360140800476 0.9129698872566223 0.06345068663358688 0.17406022548675537
0 0.8521808385848999 0.9385871291160583 0.06867007911205292 0.11997774243354797
0 0.2897651791572571 0.7847396731376648 0.04149646684527397 0.15350769460201263
0 0.6346057653427124 0.6866257786750793 0.043027497828006744 0.1016237884759903
0 0.02833111211657524 0.5883044600486755 0.046476371586322784 0.15863189101219177
0 0.6175171732902527 0.4466418921947479 0.032640837132930756 0.10673078149557114
0 0.8832356929779053 0.8928940892219543 0.0520288459956646 0.18032023310661316
0 0.8014795780181885 0.8324415683746338 0.06021614000201225 0.24293678998947144
0 0.8647726774215698 0.7892323136329651 0.03466377407312393 0.16390495002269745
0 0.3893652558326721 0.5122554898262024 0.03514394909143448 0.15113474428653717
0 0.2065402716398239 0.7086622714996338 0.04028606414794922 0.16316981613636017
