0 0.8544482588768005 0.7778139710426331 0.028244443237781525 0.1079161986708641
0 0.8871688842773438 0.620792031288147 0.02175784669816494 0.08881604671478271
0 0.7028300166130066 0.6321150064468384 0.022939596325159073 0.0989469364285469
0 0.8174241781234741 0.6059805154800415 0.02169681154191494 0.0962085947394371
0 0.9254850745201111 0.6528122425079346 0.02740020677447319 0.14692823588848114
0 0.9340152144432068 0.43540894985198975 0.0185089111328125 0.09120634943246841
0 0.9049170613288879 0.7387287616729736 0.023641204461455345 0.10774827748537064
0 0.8021189570426941 0.5250890851020813 0.021308304741978645 0.09465238451957703
0 0.8563750982284546 0.7628957629203796 0.032311249524354935 0.1370030790567398
0 0.7374052405357361 0.4913323223590851 0.020847659558057785 0.08429136127233505
0 0.8061633706092834 0.419089138507843 0.015639495104551315 0.07600194960832596
