0 0.28607597947120667 0.9256718754768372 0.15495803952217102 0.14734700322151184
0 0.38912636041641235 0.7603005170822144 0.12954992055892944 0.32709550857543945
0 0.16671711206436157 0.8613462448120117 0.15021659433841705 0.2762751281261444
0 0.5021975636482239 0.6923661231994629 0.1537758857011795 0.33282583951950073
0 0.8704473376274109 0.8556488156318665 0.12206878513097763 0.28728026151657104
0 0.05856052413582802 0.6775776147842407 0.1108192726969719 0.3480065166950226
0 0.7699021697044373 0.7944079637527466 0.11641521751880646 0.3829553723335266
0 0.6534484624862671 0.6806901097297668 0.09877987205982208 0.3354918956756592
0 0.03179984539747238 0.31744909286499023 0.06357600539922714 0.3326466381549835
0 0.3491179049015045 0.5050733089447021 0.09164018929004669 0.35092639923095703
0 0.1791784018278122 0.6900973916053772 0.11793255805969238 0.24392001330852509
0 0.31503087282180786 0.19630159437656403 0.08218441158533096 0.3157949149608612
0 0.26698556542396545 0.5064789056777954 0.07688570022583008 0.328368604183197
0 0.5964149236679077 0.5697685480117798 0.09748706966638565 0.36015188694000244
0 0.9229076504707336 0.3822157084941864 0.09536705166101456 0.3429965376853943
0 0.4258723556995392 0.4558323621749878 0.098993681371212 0.38283801078796387
0 0.1787891387939453 0.03544868528842926 0.08872060477733612 0.07048306614160538
0 0.8565715551376343 0.6648532748222351 0.09121475368738174 0.358117938041687
0 0.7822559475898743 0.554160475730896 0.1220478042960167 0.28008678555488586
0 0.09347311407327652 0.33849042654037476 0.07706834375858307 0.3036458194255829
