0 0.46528786420822144 0.3529990017414093 0.054976653307676315 0.11764132231473923
0 0.17433792352676392 0.1553943008184433 0.030201928690075874 0.14855363965034485
0 0.06585738807916641 0.4743516147136688 0.06333346664905548 0.2547633945941925
0 0.9489242434501648 0.5748269557952881 0.04052848741412163 0.09731953591108322
0 0.1726938933134079 0.5156091451644897 0.06751103699207306 0.23714324831962585
0 0.7776682376861572 0.6410409808158875 0.044272422790527344 0.1322583556175232
0 0.9364433288574219 0.97133469581604 0.05280723422765732 0.056324005126953125
0 0.827225923538208 0.9522680640220642 0.09653625637292862 0.09466637670993805
0 0.5549198389053345 0.4178617596626282 0.026564979925751686 0.11502291262149811
0 0.9080306887626648 0.5402725338935852 0.029596328735351562 0.11529172211885452
0 0.6480134129524231 0.6506597995758057 0.03972097858786583 0.10431696474552155
0 0.5153061151504517 0.656083345413208 0.04153801500797272 0.17115388810634613
0 0.20303799211978912 0.17228740453720093 0.03503851965069771 0.13739340007305145
0 0.4672175645828247 0.6462830305099487 0.05301675945520401 0.1767023354768753
0 0.33061471581459045 0.2606906592845917 0.03772382810711861 0.12644405663013458
0 0.9738067388534546 0.8384559750556946 0.05189857631921768 0.15990346670150757
0 0.9544726014137268 0.5660206079483032 0.053049277514219284 0.11638513952493668
0 0.8964147567749023 0.8801681399345398 0.06049499660730362 0.11647745966911316
0 0.2537563443183899 0.5047006011009216 0.06136350706219673 0.1787267029285431
0 0.8979746103286743 0.538594663143158 0.047726821154356 0.1154276505112648
