0 0.36406534910202026 0.8439358472824097 0.03784942626953125 0.1167401596903801
0 0.41935786604881287 0.8482650518417358 0.03260307386517525 0.10794474184513092
0 0.5697985291481018 0.8254115581512451 0.03366495668888092 0.09817911684513092
0 0.49692726135253906 0.8152309656143188 0.02660980261862278 0.11167144775390625
0 0.7584580183029175 0.6453680396080017 0.02106170728802681 0.07014414668083191
0 0.7047914862632751 0.5765768885612488 0.028815841302275658 0.08675473183393478
0 0.52885502576828 0.7761406898498535 0.024591032415628433 0.09349611401557922
0 0.6055055260658264 0.3702927529811859 0.028324000537395477 0.09130179136991501
0 0.46759408712387085 0.8063759803771973 0.026735495775938034 0.08710725605487823
0 0.02108079381287098 0.5351515412330627 0.02412746660411358 0.07445551455020905
0 0.29191258549690247 0.8297755122184753 0.0326569564640522 0.09943313896656036
0 0.4944792687892914 0.6500240564346313 0.01965351030230522 0.07793235778808594
0 0.5544878244400024 0.7770386338233948 0.026241684332489967 0.0630747452378273
0 0.1356661468744278 0.47299712896347046 0.02369523048400879 0.07481396943330765
0 0.08704805374145508 0.4947841167449951 0.023922467604279518 0.07088686525821686
