0 0.38238486647605896 0.856706976890564 0.03300059586763382 0.10879567265510559
0 0.4142385423183441 0.8511874079704285 0.027613067999482155 0.10377909243106842
0 0.5099144577980042 0.7889002561569214 0.023615550249814987 0.09740287065505981
0 0.7051953673362732 0.5765234231948853 0.027541160583496094 0.08525479584932327
0 0.4926268458366394 0.6496531367301941 0.019452476873993874 0.08019205927848816
0 0.2993951737880707 0.8175994753837585 0.026147620752453804 0.10318552702665329
0 0.5563332438468933 0.7776390910148621 0.022176360711455345 0.10106159001588821
0 0.6991967558860779 0.6913768649101257 0.02756824530661106 0.08942337334156036
0 0.3562808334827423 0.7405037879943848 0.02972574159502983 0.0903933197259903
0 0.3334548771381378 0.8059779405593872 0.02666034735739231 0.08081308752298355
0 0.6738494634628296 0.705428421497345 0.02501188963651657 0.10654055327177048
0 0.3809221684932709 0.7120732665061951 0.026747513562440872 0.09802906960248947
