0 0.21913465857505798 0.628274142742157 0.051795292645692825 0.2143976241350174
0 0.12304596602916718 0.8780794739723206 0.053488198667764664 0.23436392843723297
0 0.35056832432746887 0.687746524810791 0.03459402546286583 0.2019525021314621
0 0.4938596785068512 0.5976206660270691 0.03655099868774414 0.1804821491241455
0 0.20896822214126587 0.8163270950317383 0.06177401542663574 0.18092989921569824
0 0.08005949854850769 0.8802274465560913 0.06198084354400635 0.23954518139362335
0 0.14272190630435944 0.6446776390075684 0.04693932458758354 0.1847834289073944
0 0.26493337750434875 0.775726854801178 0.046045493334531784 0.23446469008922577
0 0.04169298708438873 0.7251847982406616 0.05259723588824272 0.21051229536533356
0 0.3975948691368103 0.5075469017028809 0.033997535705566406 0.17381812632083893
0 0.09210280328989029 0.6446099281311035 0.048225242644548416 0.19955800473690033
0 0.7886667251586914 0.4426935315132141 0.040363311767578125 0.17081312835216522
0 0.4222041964530945 0.8739994764328003 0.04100169986486435 0.18365879356861115
0 0.7477083802223206 0.4762566387653351 0.04038460925221443 0.14561475813388824
