0 0.6712974309921265 0.8713704347610474 0.13274040818214417 0.2568621337413788
0 0.41576284170150757 0.8941353559494019 0.12157335132360458 0.210621640086174
0 0.5847724676132202 0.9161931276321411 0.14309518039226532 0.16671252250671387
0 0.746357798576355 0.4240047335624695 0.12488212436437607 0.35957056283950806
0 0.5553923845291138 0.09887664765119553 0.10738305747509003 0.19775329530239105
0 0.9389062523841858 0.6044685244560242 0.12176952511072159 0.3656825125217438
0 0.059466175734996796 0.8264519572257996 0.11893235146999359 0.34607183933258057
0 0.8074098229408264 0.8210712671279907 0.11064700782299042 0.3573088049888611
0 0.1533759981393814 0.5377337336540222 0.10765797644853592 0.3699414134025574
0 0.9343473315238953 0.8896209597587585 0.13037872314453125 0.22065268456935883
0 0.41101667284965515 0.38956791162490845 0.07396087795495987 0.33994656801223755
0 0.8339928984642029 0.40690499544143677 0.09812259674072266 0.37837955355644226
0 0.25040751695632935 0.48893609642982483 0.0999128669500351 0.31902146339416504
0 0.7395211458206177 0.12297388911247253 0.0884946808218956 0.24594777822494507
0 0.6043379306793213 0.7123746275901794 0.10002549737691879 0.37429067492485046
0 0.9512637853622437 0.2137308269739151 0.09306716918945312 0.3045377731323242
0 0.34994640946388245 0.4182732403278351 0.07421865314245224 0.3922163248062134
0 0.4804193377494812 0.42839229106903076 0.08106116950511932 0.3667282164096832
0 0.2942200303077698 0.3859199583530426 0.0829889327287674 0.3344782590866089
0 0.044459834694862366 0.5041154026985168 0.08841662108898163 0.3234296143054962
0 0.9382169842720032 0.4554424583911896 0.12197990715503693 0.3714577853679657
0 0.028912818059325218 0.08735588192939758 0.057638056576251984 0.17413949966430664
0 0.8905072808265686 0.035883236676454544 0.06537189334630966 0.0710691437125206
0 0.810709536075592 0.043529726564884186 0.05874652788043022 0.08705945312976837
0 0.6678685545921326 0.047869566828012466 0.04995746538043022 0.09506019949913025
0 0.21644052863121033 0.3513476848602295 0.09530210494995117 0.2115170806646347
