0 0.04696055129170418 0.8955160975456238 0.06268619000911713 0.12278315424919128
0 0.41182950139045715 0.8486213088035583 0.03185854107141495 0.10474430024623871
0 0.4957551062107086 0.8152990341186523 0.028155136853456497 0.12484554946422577
0 0.3493046462535858 0.8431370854377747 0.03017454221844673 0.1108667179942131
0 0.3779185116291046 0.8544043898582458 0.03309641033411026 0.10793482512235641
0 0.7054282426834106 0.5761085748672485 0.028020603582262993 0.08923797309398651
0 0.467125803232193 0.8062358498573303 0.02509460411965847 0.09060431271791458
0 0.5654348134994507 0.8190076947212219 0.034079741686582565 0.11194229125976562
0 0.4936749339103699 0.6481749415397644 0.01989574357867241 0.07943013310432434
0 0.27921074628829956 0.8385884761810303 0.028730344027280807 0.1125539168715477
0 0.7536843419075012 0.6491498351097107 0.023551369085907936 0.06446075439453125
0 0.11757392436265945 0.8155301213264465 0.03759255260229111 0.10917765647172928
0 0.7014564275741577 0.6830291748046875 0.023439789190888405 0.08450542390346527
0 0.29032382369041443 0.8334567546844482 0.02613086625933647 0.1038464829325676
0 0.5524858832359314 0.7615122199058533 0.031114451587200165 0.06603062897920609
