0 0.9189642667770386 0.7691633701324463 0.15452690422534943 0.3498295545578003
0 0.314110666513443 0.6698532700538635 0.14310425519943237 0.34994688630104065
0 0.6131953001022339 0.8954734206199646 0.13089695572853088 0.20796789228916168
0 0.07409531623125076 0.5642399787902832 0.12138459831476212 0.3668678402900696
0 0.6962246298789978 0.6475135684013367 0.1415126770734787 0.39075490832328796
0 0.8436153531074524 0.6995100378990173 0.13005295395851135 0.38729947805404663
0 0.5485867857933044 0.8268862962722778 0.10676517337560654 0.3451085090637207
0 0.5069215893745422 0.5324205160140991 0.09175901114940643 0.36006277799606323
0 0.42373529076576233 0.35534000396728516 0.09313001483678818 0.3780311048030853
0 0.4618545472621918 0.15621934831142426 0.09058036655187607 0.31042471528053284
0 0.1972694993019104 0.8659053444862366 0.136975958943367 0.26727041602134705
0 0.10994477570056915 0.7946759462356567 0.09023886173963547 0.349801629781723
0 0.1921497881412506 0.5718820095062256 0.1083674430847168 0.24859873950481415
0 0.21037311851978302 0.10517550259828568 0.12125296890735626 0.20990325510501862
0 0.8393160104751587 0.14197655022144318 0.0741809830069542 0.28390151262283325
0 0.3650423288345337 0.5074249505996704 0.10038299858570099 0.3419245481491089
0 0.5354787707328796 0.24681729078292847 0.09833069145679474 0.2896520495414734
0 0.5745782256126404 0.5130501985549927 0.11859308928251266 0.26418787240982056
0 0.17144636809825897 0.4242698550224304 0.09223941713571548 0.22103993594646454
0 0.9516189694404602 0.23892220854759216 0.08903388679027557 0.2893303632736206
0 0.3210410475730896 0.39888089895248413 0.07353127747774124 0.2861943542957306
0 0.24108311533927917 0.502616286277771 0.07323997467756271 0.21142973005771637
0 0.9251041412353516 0.5619400143623352 0.12886086106300354 0.3543248474597931
