0 0.06089336797595024 0.7541130185127258 0.059931181371212006 0.1817072480916977
0 0.5700865983963013 0.8938692808151245 0.07300783693790436 0.2048283964395523
0 0.7016552686691284 0.6240729689598083 0.04563611373305321 0.17308400571346283
0 0.16784869134426117 0.7557254433631897 0.0744754746556282 0.18948207795619965
0 0.8364770412445068 0.9242555499076843 0.05743847042322159 0.15058059990406036
0 0.5434818863868713 0.43316683173179626 0.034500088542699814 0.10610003769397736
0 0.6196849346160889 0.7431931495666504 0.062473297119140625 0.18384191393852234
0 0.8906362652778625 0.9267271161079407 0.0548553466796875 0.1448468565940857
0 0.06318040937185287 0.5525459051132202 0.056397099047899246 0.1538688689470291
0 0.8028042912483215 0.7993467450141907 0.050992775708436966 0.16812795400619507
0 0.2754504084587097 0.778285026550293 0.042722973972558975 0.15313440561294556
0 0.02570290118455887 0.5784718990325928 0.04112362116575241 0.1391446441411972
0 0.8615720868110657 0.7840652465820312 0.03834571689367294 0.16634520888328552
0 0.7369979619979858 0.43220892548561096 0.036736998707056046 0.1104167103767395
0 0.015494948253035545 0.6418400406837463 0.030791092664003372 0.1573050171136856
0 0.2179168164730072 0.565098226070404 0.03491621091961861 0.10095202177762985
