0 0.31465405225753784 0.8482938408851624 0.13676975667476654 0.30284321308135986
0 0.6112962961196899 0.36344367265701294 0.11960220336914062 0.3636716306209564
0 0.28043004870414734 0.21588023006916046 0.15438784658908844 0.3459167182445526
0 0.6128379106521606 0.748476505279541 0.14906908571720123 0.3618568480014801
0 0.960003137588501 0.7055626511573792 0.07963486015796661 0.4239957630634308
0 0.8795875310897827 0.8841566443443298 0.10716895759105682 0.23051020503044128
0 0.49961405992507935 0.089089035987854 0.11206836998462677 0.17682574689388275
0 0.5352713465690613 0.47368258237838745 0.11818930506706238 0.33499595522880554
0 0.3633059561252594 0.6282510757446289 0.10554675757884979 0.3608396649360657
0 0.188754603266716 0.3647697865962982 0.10912122577428818 0.2940957546234131
0 0.37989604473114014 0.18512463569641113 0.10186297446489334 0.28478744626045227
0 0.18626588582992554 0.8256217837333679 0.13065025210380554 0.3477523922920227
0 0.14248530566692352 0.5649338364601135 0.07673624902963638 0.3346043825149536
0 0.8233711123466492 0.0519685372710228 0.07936153560876846 0.10272124409675598
0 0.4384021759033203 0.3745395541191101 0.10404463112354279 0.3416557312011719
0 0.06983935087919235 0.334106981754303 0.08174046128988266 0.3586199879646301
0 0.04338885098695755 0.6138526797294617 0.08655675500631332 0.35204362869262695
0 0.7795534729957581 0.8049139976501465 0.09455191344022751 0.33632317185401917
0 0.18007631599903107 0.06975384056568146 0.06296682357788086 0.13950768113136292
0 0.808542788028717 0.47323164343833923 0.09694729000329971 0.3151656985282898
0 0.6987680792808533 0.08837619423866272 0.05467281490564346 0.1755271553993225
0 0.5831328630447388 0.11824610829353333 0.06947504729032516 0.23649221658706665
0 0.953818678855896 0.19930307567119598 0.07954826205968857 0.32310694456100464
0 0.1148315817117691 0.8907318115234375 0.10877715796232224 0.21770010888576508
0 0.8810409903526306 0.27741575241088867 0.09731902927160263 0.24403251707553864
0 0.7690691351890564 0.696803092956543 0.0732349380850792 0.33160287141799927
0 0.7906301617622375 0.779460072517395 0.07280731201171875 0.2702655494213104
0 0.8470105528831482 0.19538019597530365 0.06221752241253853 0.24496300518512726
0 0.496332049369812 0.2796081602573395 0.07786379009485245 0.2575088441371918
0 0.9040372967720032 0.6258288025856018 0.10860900580883026 0.3344558775424957
0 0.7114330530166626 0.08843301981687546 0.08068663626909256 0.17632971704006195
0 0.13170896470546722 0.033968620002269745 0.032636858522892 0.06786558032035828
0 0.03058234415948391 0.7936214804649353 0.061073899269104004 0.27943482995033264
0 0.2381034791469574 0.6917790174484253 0.09830264747142792 0.34915831685066223
0 0.2503350079059601 0.06987868249416351 0.045856524258852005 0.13975736498832703
