0 0.38403305411338806 0.8540585041046143 0.027374839410185814 0.10092510282993317
0 0.7049605250358582 0.5762801170349121 0.02860666997730732 0.08686599880456924
0 0.49799033999443054 0.812786340713501 0.0326080322265625 0.11024568229913712
0 0.3369193971157074 0.8547644019126892 0.033923499286174774 0.1144070103764534
0 0.4123930037021637 0.8483768105506897 0.028372764587402344 0.09850845485925674
0 0.46237704157829285 0.8051535487174988 0.0245343204587698 0.08098559826612473
0 0.2976101338863373 0.7953575849533081 0.02936350554227829 0.1012706309556961
0 0.5280513167381287 0.8329004645347595 0.029082203283905983 0.10619150847196579
0 0.35511794686317444 0.7705790400505066 0.026795197278261185 0.11258892714977264
0 0.5237725973129272 0.7604653239250183 0.024304358288645744 0.06024102121591568
0 0.49385032057762146 0.6480349898338318 0.018513107672333717 0.08170827478170395
0 0.7841358184814453 0.6595079302787781 0.02578754350543022 0.08345603942871094
0 0.6728087067604065 0.6997722387313843 0.019894789904356003 0.09439824521541595
0 0.7032306790351868 0.6748303771018982 0.020965194329619408 0.0743357315659523
0 0.7309829592704773 0.5866600275039673 0.029898453503847122 0.08866068720817566
