0 0.16834817826747894 0.8841008543968201 0.16378840804100037 0.23056530952453613
0 0.8106556534767151 0.7907799482345581 0.16257667541503906 0.3875012695789337
0 0.3361990749835968 0.7886888384819031 0.10885098576545715 0.3506857454776764
0 0.2921913266181946 0.9486929774284363 0.14379166066646576 0.10179316252470016
0 0.21928153932094574 0.6264621019363403 0.13911603391170502 0.37274280190467834
0 0.9207542538642883 0.8557904362678528 0.1287456452846527 0.28683167695999146
0 0.4798738360404968 0.6888924241065979 0.12458229064941406 0.333566278219223
0 0.3741926848888397 0.5008936524391174 0.10121659934520721 0.3420810401439667
0 0.07436971366405487 0.37271934747695923 0.12426228076219559 0.3344428241252899
0 0.9455913305282593 0.3804965019226074 0.0862489715218544 0.353780061006546
0 0.5695592164993286 0.49959683418273926 0.11818549036979675 0.3639431297779083
0 0.2574921250343323 0.10601282119750977 0.089163638651371 0.21202564239501953
0 0.6153891086578369 0.6751907467842102 0.12871456146240234 0.3466578722000122
0 0.12431318312883377 0.7277182936668396 0.12055365741252899 0.2778516113758087
0 0.5822327733039856 0.19746530055999756 0.09687290340662003 0.3471377193927765
0 0.06344402581453323 0.6688074469566345 0.06660111248493195 0.3258260190486908
0 0.6504837870597839 0.21022962033748627 0.065332792699337 0.3082045018672943
0 0.3330053687095642 0.14487001299858093 0.06956411898136139 0.21928541362285614
0 0.1440286636352539 0.037372685968875885 0.055101968348026276 0.07409436255693436
0 0.2268865555524826 0.3657377362251282 0.06515905261039734 0.22169041633605957
0 0.18948103487491608 0.25744542479515076 0.08167236298322678 0.23896022140979767
0 0.2843129336833954 0.511097252368927 0.0768459141254425 0.3201054632663727
0 0.7402540445327759 0.5144426226615906 0.11981964111328125 0.33889275789260864
