0 0.5153316259384155 0.834839940071106 0.13167664408683777 0.32880499958992004
0 0.2545909285545349 0.6310899257659912 0.15102536976337433 0.34718018770217896
0 0.3758102059364319 0.5958496332168579 0.12942205369472504 0.31595510244369507
0 0.2996954619884491 0.9195315837860107 0.0897301658987999 0.15965119004249573
0 0.77205491065979 0.5769400000572205 0.11481189727783203 0.3643854260444641
0 0.8692433834075928 0.6514151096343994 0.13159313797950745 0.36121246218681335
0 0.11993417888879776 0.683444619178772 0.11940155178308487 0.36956095695495605
0 0.5200799107551575 0.5300795435905457 0.11041994392871857 0.3552793860435486
0 0.038556575775146484 0.6048616766929626 0.07711315155029297 0.30062294006347656
0 0.2996821403503418 0.5010395646095276 0.0796051025390625 0.3275653123855591
0 0.0695403665304184 0.854395866394043 0.1390807330608368 0.29114171862602234
0 0.6292181015014648 0.6307183504104614 0.1470954865217209 0.4510912597179413
0 0.1746804267168045 0.27418267726898193 0.11056748777627945 0.3053002953529358
0 0.4724171459674835 0.3151358366012573 0.07328710705041885 0.34073877334594727
0 0.1474575698375702 0.4504871070384979 0.08625273406505585 0.25594082474708557
0 0.960871160030365 0.6535896062850952 0.07778587192296982 0.32951608300209045
0 0.0770389586687088 0.47171664237976074 0.06915522366762161 0.21419711410999298
0 0.3094216585159302 0.14974212646484375 0.1363055258989334 0.2969641387462616
0 0.9072059392929077 0.33154618740081787 0.102758027613163 0.22964546084403992
0 0.8522621989250183 0.19123011827468872 0.10621948540210724 0.2555396258831024
0 0.045978669077157974 0.8546188473701477 0.09185971319675446 0.29039275646209717
0 0.9096482396125793 0.09019987285137177 0.0705987960100174 0.17934052646160126
