0 0.7193218469619751 0.7768747210502625 0.1335430145263672 0.3370537757873535
0 0.32182037830352783 0.7205197811126709 0.13391217589378357 0.4053634703159332
0 0.946092963218689 0.7511140704154968 0.10756301879882812 0.3855537474155426
0 0.927590012550354 0.5101965069770813 0.1435627043247223 0.31623375415802
0 0.800455629825592 0.460357666015625 0.13300228118896484 0.33377864956855774
0 0.5779014229774475 0.24810558557510376 0.11209144443273544 0.3277128338813782
0 0.4742952287197113 0.426941841840744 0.07815875858068466 0.3483489453792572
0 0.6756815314292908 0.556983470916748 0.09447002410888672 0.3509756326675415
0 0.37010231614112854 0.22952808439731598 0.09313071519136429 0.3397373855113983
0 0.3178443908691406 0.4244305491447449 0.12807807326316833 0.31050828099250793
0 0.49169978499412537 0.23041969537734985 0.09823493659496307 0.32921653985977173
0 0.7122265100479126 0.34039074182510376 0.13672859966754913 0.3292537033557892
0 0.8057899475097656 0.19433178007602692 0.09270954132080078 0.28032687306404114
0 0.05409196391701698 0.3168086111545563 0.09151902049779892 0.3243112862110138
0 0.04364144057035446 0.3969849944114685 0.08723762631416321 0.3275695741176605
0 0.24471718072891235 0.5363734364509583 0.09779667854309082 0.431684285402298
0 0.9212477207183838 0.2645033895969391 0.15040302276611328 0.34319329261779785
0 0.8147561550140381 0.0360916368663311 0.09208011627197266 0.0720539540052414
0 0.4414568841457367 0.20104598999023438 0.050124168395996094 0.24224692583084106
0 0.07518018037080765 0.10480037331581116 0.07016759365797043 0.16384273767471313
0 0.11693461984395981 0.22118110954761505 0.12572596967220306 0.23284059762954712
0 0.5880140066146851 0.0765962302684784 0.08951568603515625 0.1531924605369568
0 0.712819516658783 0.13899698853492737 0.09052594751119614 0.19639772176742554
0 0.1466219276189804 0.16501902043819427 0.0700402706861496 0.29585614800453186
0 0.0348660834133625 0.7023090720176697 0.06957538425922394 0.2798611521720886
0 0.5091291666030884 0.06225484237074852 0.06848732382059097 0.12450968474149704
0 0.23083257675170898 0.1842290312051773 0.06830863654613495 0.19506123661994934
0 0.20192083716392517 0.7081899642944336 0.14791244268417358 0.3810728192329407
