0 0.8630849123001099 0.8961685299873352 0.16538143157958984 0.2075141966342926
0 0.30247631669044495 0.5558570623397827 0.10795383155345917 0.1658320128917694
0 0.8418861627578735 0.057238154113292694 0.05768928676843643 0.1095665842294693
0 0.3864983320236206 0.3556581139564514 0.11528940498828888 0.1241682693362236
0 0.47308215498924255 0.10199080407619476 0.041835784912109375 0.12751492857933044
0 0.4298737347126007 0.09758828580379486 0.033191584050655365 0.10367234796285629
0 0.03864823654294014 0.15814529359340668 0.06819913536310196 0.13149699568748474
0 0.4414040446281433 0.340168297290802 0.04977855831384659 0.1408945471048355
0 0.6913843750953674 0.1014142781496048 0.06865253299474716 0.13783051073551178
0 0.5245302319526672 0.3927890658378601 0.05086609348654747 0.14141972362995148
0 0.4684450030326843 0.38356587290763855 0.06064758449792862 0.1160259023308754
0 0.12446921318769455 0.13850060105323792 0.05544872209429741 0.15789031982421875
