0 0.924921989440918 0.7947624921798706 0.1495216339826584 0.4089374244213104
0 0.9046609401702881 0.27142664790153503 0.12844638526439667 0.32113292813301086
0 0.036876678466796875 0.5745524168014526 0.07375335693359375 0.4098098874092102
0 0.6526393890380859 0.6523846387863159 0.15204811096191406 0.32282930612564087
0 0.30603817105293274 0.6468602418899536 0.15853318572044373 0.3380439281463623
0 0.5388268828392029 0.7838982343673706 0.1216520294547081 0.42318204045295715
0 0.724554717540741 0.8371925950050354 0.12688235938549042 0.3250419497489929
0 0.1521925926208496 0.7630592584609985 0.11050209403038025 0.3266756236553192
0 0.19281673431396484 0.4314565360546112 0.10410928726196289 0.3598334491252899
0 0.05447060242295265 0.25378701090812683 0.10887634009122849 0.27727171778678894
0 0.22142276167869568 0.9219558835029602 0.14255760610103607 0.15534311532974243
0 0.24731974303722382 0.30571725964546204 0.08967161178588867 0.3436146378517151
0 0.2566062808036804 0.8307284712791443 0.10774250328540802 0.27361616492271423
0 0.16410180926322937 0.16513678431510925 0.0862022340297699 0.24753625690937042
0 0.42212316393852234 0.3503423035144806 0.10924892127513885 0.31475305557250977
0 0.9332150220870972 0.08813972771167755 0.08961601555347443 0.1762794554233551
0 0.3411703109741211 0.9384209513664246 0.08708111196756363 0.12171529233455658
0 0.6792744398117065 0.3153170645236969 0.10013008117675781 0.2648884057998657
0 0.3375285267829895 0.13617537915706635 0.09813499450683594 0.27077770233154297
0 0.23826469480991364 0.09283718466758728 0.0873384028673172 0.18460074067115784
0 0.6149253845214844 0.4317428171634674 0.11417045444250107 0.21274304389953613
0 0.5114229917526245 0.5947843790054321 0.09972286224365234 0.33977746963500977
0 0.8045642971992493 0.3160507380962372 0.1019870787858963 0.3459376394748688
0 0.6594451665878296 0.14339832961559296 0.0885201171040535 0.2813490927219391
