0 0.7150248289108276 0.8673922419548035 0.0626915842294693 0.06523017585277557
0 0.5804425477981567 0.8628156781196594 0.05851932242512703 0.08382797241210938
0 0.5289891958236694 0.40616875886917114 0.0413624532520771 0.04397773742675781
0 0.6706302762031555 0.9474796056747437 0.06037258729338646 0.061118315905332565
0 0.08508849889039993 0.22241096198558807 0.038626015186309814 0.04391498491168022
0 0.6344478130340576 0.3944622874259949 0.02886437252163887 0.04282074049115181
0 0.30932220816612244 0.9796440005302429 0.11116417497396469 0.03994903713464737
0 0.4546000063419342 0.6743144989013672 0.05035736784338951 0.0551237091422081
0 0.3301112949848175 0.8297232389450073 0.06012674793601036 0.05297546461224556
0 0.0799817219376564 0.7997651696205139 0.05571460351347923 0.05754794925451279
0 0.7024696469306946 0.5968691110610962 0.05022396519780159 0.061382293701171875
0 0.35251033306121826 0.380917489528656 0.02646789513528347 0.04191649705171585
0 0.2459624707698822 0.2215719372034073 0.029474344104528427 0.03915347903966904
0 0.32943272590637207 0.17945162951946259 0.030070411041378975 0.043835051357746124
0 0.8204721808433533 0.2779555916786194 0.03050367534160614 0.045194704085588455
0 0.8041680455207825 0.9412606358528137 0.06372205913066864 0.05804767459630966
0 0.34210652112960815 0.978929877281189 0.046129439026117325 0.04118023067712784
0 0.8451745510101318 0.2182159423828125 0.02838948555290699 0.03642091900110245
0 0.03124316595494747 0.20989122986793518 0.019228406250476837 0.021866464987397194
0 0.41460317373275757 0.31105852127075195 0.02600538544356823 0.02436237409710884
