0 0.8039515018463135 0.9078699946403503 0.05108585208654404 0.16767653822898865
0 0.7992897629737854 0.771510124206543 0.04442787170410156 0.1419822722673416
0 0.683751106262207 0.8796176314353943 0.04301338270306587 0.16203002631664276
0 0.9580733180046082 0.2370087057352066 0.042993735522031784 0.15366849303245544
0 0.7256343960762024 0.8317813277244568 0.046917662024497986 0.15339940786361694
0 0.8005965948104858 0.4262182116508484 0.05021063610911369 0.16204145550727844
0 0.23685292899608612 0.72300124168396 0.055718325078487396 0.1677711457014084
0 0.03688058629631996 0.7806659936904907 0.05230620875954628 0.15518730878829956
0 0.6446884274482727 0.9703811407089233 0.04633007198572159 0.05811360850930214
0 0.6473215222358704 0.853828489780426 0.04015922546386719 0.1843877136707306
