0 0.9052358269691467 0.5516389012336731 0.03766956180334091 0.11136046797037125
0 0.044373590499162674 0.3952948749065399 0.03843926265835762 0.14158576726913452
0 0.8219253420829773 0.5954509377479553 0.040404509752988815 0.11825218051671982
0 0.1221209466457367 0.4746403694152832 0.06693272292613983 0.2535935044288635
0 0.5254055857658386 0.6632201671600342 0.07170025259256363 0.18252572417259216
0 0.40625089406967163 0.3144027292728424 0.03540153428912163 0.11175725609064102
0 0.8584216833114624 0.49532952904701233 0.02861804887652397 0.09434102475643158
0 0.42932435870170593 0.18985065817832947 0.024731826037168503 0.0744028091430664
0 0.18453939259052277 0.5126537680625916 0.08532807230949402 0.2578527331352234
0 0.0946478545665741 0.4672130048274994 0.08219782263040543 0.2351248413324356
0 0.45409470796585083 0.6080039739608765 0.08557214587926865 0.11369959264993668
0 0.9493553042411804 0.46333450078964233 0.02637958526611328 0.06767565757036209
0 0.9135153293609619 0.4062393605709076 0.031046295538544655 0.10044784843921661
0 0.11992546916007996 0.4225367307662964 0.06289898604154587 0.15238194167613983
