0 0.6387711763381958 0.7725990414619446 0.17738476395606995 0.39416807889938354
0 0.7661966681480408 0.8561509847640991 0.10690275579690933 0.28634923696517944
0 0.07410784810781479 0.9165524244308472 0.14006736874580383 0.16550827026367188
0 0.16791224479675293 0.6675840020179749 0.16671904921531677 0.37171080708503723
0 0.344364196062088 0.8313916325569153 0.17537325620651245 0.3360292613506317
0 0.8418862819671631 0.1802692413330078 0.10161266475915909 0.31919071078300476
0 0.23483356833457947 0.9418906569480896 0.1328425407409668 0.11488011479377747
0 0.40077972412109375 0.6580637693405151 0.10928233712911606 0.3392776846885681
0 0.8961166143417358 0.488106906414032 0.1035083755850792 0.38733962178230286
0 0.4202078580856323 0.19199901819229126 0.0824095755815506 0.31615760922431946
0 0.2594496011734009 0.23451296985149384 0.09289778023958206 0.33470773696899414
0 0.060649704188108444 0.5032957792282104 0.12037162482738495 0.318161278963089
0 0.5788478255271912 0.3523983061313629 0.16096636652946472 0.25214067101478577
0 0.4725424647331238 0.2804330587387085 0.07323150336742401 0.31129151582717896
0 0.6939443349838257 0.18712012469768524 0.11023292690515518 0.33570975065231323
0 0.06653139740228653 0.23343142867088318 0.09205028414726257 0.2807783782482147
0 0.7330427169799805 0.5914062261581421 0.09728775173425674 0.4456023871898651
0 0.3500393033027649 0.1839730590581894 0.07497692108154297 0.29599544405937195
0 0.5318945050239563 0.08967527002096176 0.09314604103565216 0.17935054004192352
0 0.7135294675827026 0.3648015260696411 0.09029731899499893 0.34057602286338806
0 0.8651170134544373 0.3733251392841339 0.09472064673900604 0.31545332074165344
0 0.570156455039978 0.6170640587806702 0.19125938415527344 0.34205907583236694
0 0.9450051784515381 0.1142706647515297 0.10245724022388458 0.2285413295030594
0 0.19037528336048126 0.39308103919029236 0.0849035233259201 0.2914235293865204
0 0.13587279617786407 0.34012794494628906 0.07120084762573242 0.2891165316104889
0 0.26321858167648315 0.5867335200309753 0.11648426204919815 0.33306199312210083
0 0.1387646347284317 0.15588106215000153 0.09194760024547577 0.20464591681957245
0 0.9778575897216797 0.21812915802001953 0.043813325464725494 0.43625831604003906
0 0.5387068390846252 0.6148378849029541 0.12641941010951996 0.34292349219322205
0 0.6131765246391296 0.2052488476037979 0.09865989536046982 0.16389869153499603
