0 0.6806039810180664 0.7896283268928528 0.16508369147777557 0.3799191415309906
0 0.2723664939403534 0.8761301040649414 0.13848081231117249 0.2470533549785614
0 0.5732346773147583 0.683666467666626 0.09389171749353409 0.3503143787384033
0 0.7998958230018616 0.8581714034080505 0.10952084511518478 0.28275883197784424
0 0.43771934509277344 0.7341971397399902 0.13010939955711365 0.3354320526123047
0 0.9510983824729919 0.6867882609367371 0.09739513695240021 0.368632972240448
0 0.14584484696388245 0.8324251174926758 0.14388173818588257 0.3334800601005554
0 0.32789555191993713 0.525573194026947 0.09185285866260529 0.38009363412857056
0 0.8157192468643188 0.5119434595108032 0.11215553432703018 0.3453674018383026
0 0.2649438977241516 0.6642422080039978 0.09163597226142883 0.2657293975353241
0 0.27665355801582336 0.19245204329490662 0.08042631298303604 0.3141011893749237
0 0.1382494568824768 0.5784725546836853 0.11748754233121872 0.2764761745929718
0 0.037881359457969666 0.7502846717834473 0.0756855458021164 0.26833826303482056
0 0.06853105127811432 0.3736337125301361 0.07606413215398788 0.3082473576068878
0 0.6498146057128906 0.2854796051979065 0.06616509705781937 0.31018930673599243
0 0.48736628890037537 0.18179842829704285 0.07939071953296661 0.30876392126083374
