0 0.6350277066230774 0.7093380689620972 0.18392428755760193 0.36330071091651917
0 0.28117334842681885 0.7312021851539612 0.14644278585910797 0.3320612609386444
0 0.8892959356307983 0.674688994884491 0.1732374131679535 0.3751267194747925
0 0.18998317420482635 0.9436444640159607 0.14506076276302338 0.11136779934167862
0 0.4462187588214874 0.5221564769744873 0.1329571157693863 0.4578741192817688
0 0.14094816148281097 0.8437525629997253 0.10676238685846329 0.2902012765407562
0 0.03081871196627617 0.3359956443309784 0.06163742393255234 0.35045310854911804
0 0.800354540348053 0.4825708568096161 0.1112176924943924 0.35883933305740356
0 0.32080838084220886 0.5907758474349976 0.10187562555074692 0.34125781059265137
0 0.16775846481323242 0.6386784911155701 0.09856046736240387 0.3435852527618408
0 0.9709535837173462 0.751404345035553 0.057643890380859375 0.38583752512931824
0 0.9488266110420227 0.23177291452884674 0.10068893432617188 0.32858479022979736
0 0.6210238337516785 0.5311071872711182 0.17421048879623413 0.2775160074234009
0 0.713588297367096 0.3908780515193939 0.0837426483631134 0.2968643605709076
0 0.7286694049835205 0.15386556088924408 0.11383972316980362 0.3064206838607788
0 0.23008660972118378 0.4802837371826172 0.08494985848665237 0.3623480200767517
0 0.041774529963731766 0.7148298621177673 0.08345329761505127 0.3802052438259125
0 0.024024540558457375 0.027450503781437874 0.03436960652470589 0.05394820123910904
0 0.19036118686199188 0.2320902943611145 0.09408359229564667 0.32546964287757874
0 0.37439683079719543 0.17668770253658295 0.08684816211462021 0.243622288107872
0 0.4212914705276489 0.14982683956623077 0.06707058101892471 0.2600564956665039
0 0.4660867750644684 0.3192299008369446 0.12040424346923828 0.3139232397079468
0 0.8156129717826843 0.09125958383083344 0.07682571560144424 0.18251916766166687
