0 0.7136949896812439 0.8152107000350952 0.12745074927806854 0.3681703805923462
0 0.3203481137752533 0.7156908512115479 0.1275673806667328 0.3706921339035034
0 0.4746823310852051 0.7766194939613342 0.13661137223243713 0.3762560486793518
0 0.2761465907096863 0.9444595575332642 0.14967842400074005 0.11030680686235428
0 0.09905612468719482 0.6072994470596313 0.11087924987077713 0.3499258756637573
0 0.17611433565616608 0.8767156004905701 0.09973935037851334 0.24496044218540192
0 0.8292523622512817 0.39300715923309326 0.09873854368925095 0.31704723834991455
0 0.560303270816803 0.6758837103843689 0.09662647545337677 0.37035468220710754
0 0.2835681140422821 0.15673205256462097 0.09981058537960052 0.28461024165153503
0 0.6615745425224304 0.3985084593296051 0.08562030643224716 0.26217982172966003
0 0.9547847509384155 0.6407499313354492 0.08999595791101456 0.48202356696128845
0 0.9519481658935547 0.4274958372116089 0.09549598395824432 0.3350321352481842
0 0.7615692019462585 0.5389717817306519 0.08810723572969437 0.39952605962753296
0 0.23664671182632446 0.6050812005996704 0.10805511474609375 0.35016685724258423
0 0.6723697781562805 0.6130667924880981 0.12446600943803787 0.21632029116153717
0 0.7153040170669556 0.2936636507511139 0.0689518004655838 0.3263651430606842
0 0.32456493377685547 0.4497338533401489 0.06698437035083771 0.25152587890625
0 0.06489338725805283 0.22916780412197113 0.07215382903814316 0.25062981247901917
0 0.33258113265037537 0.038974933326244354 0.07792043685913086 0.07794986665248871
0 0.03908836096525192 0.5173829793930054 0.07817672193050385 0.3046536445617676
0 0.7807186841964722 0.24400967359542847 0.08772201836109161 0.23234817385673523
0 0.4775160551071167 0.548600435256958 0.11812273412942886 0.21779949963092804
0 0.1571962982416153 0.20227797329425812 0.1035701259970665 0.38657090067863464
