0 0.8961679935455322 0.6510481238365173 0.020612165331840515 0.09868882596492767
0 0.7120824456214905 0.6505505442619324 0.020946968346834183 0.09965677559375763
0 0.8680614829063416 0.8082583546638489 0.029275089502334595 0.10279189050197601
0 0.8698434829711914 0.7931467294692993 0.03150973841547966 0.13407452404499054
0 0.9234396815299988 0.7615029215812683 0.02733442559838295 0.10914914309978485
0 0.808789849281311 0.5383144617080688 0.02112375944852829 0.08796080201864243
0 0.9397100806236267 0.6699682474136353 0.02668168768286705 0.14766764640808105
0 0.8744750022888184 0.7836076617240906 0.02602200023829937 0.13801166415214539
0 0.9330678582191467 0.4458383321762085 0.021826934069395065 0.0926351249217987
0 0.8251680135726929 0.6264286041259766 0.02259708009660244 0.0979192778468132
0 0.9376937747001648 0.6440929174423218 0.02449612133204937 0.09319452941417694
0 0.806631326675415 0.425546258687973 0.017023468390107155 0.08153227716684341
