0 0.7613500356674194 0.9081382155418396 0.0485355369746685 0.16324488818645477
0 0.1105731949210167 0.6878746747970581 0.050124358385801315 0.16643613576889038
0 0.7128015160560608 0.5808874368667603 0.0451623909175396 0.16283294558525085
0 0.8126901984214783 0.8417336344718933 0.05520572513341904 0.17808659374713898
0 0.5676156878471375 0.4588059186935425 0.03137817233800888 0.12273470312356949
0 0.7076166868209839 0.914707601070404 0.05800456926226616 0.16885656118392944
0 0.5781717896461487 0.797992467880249 0.06476879119873047 0.20635122060775757
0 0.9360971450805664 0.9655402302742004 0.06591224670410156 0.06751327216625214
0 0.6431275606155396 0.6350793242454529 0.04575074464082718 0.16466395556926727
0 0.5215644836425781 0.45684924721717834 0.03706397861242294 0.12650714814662933
0 0.0500979982316494 0.6291738152503967 0.03966401144862175 0.14622561633586884
0 0.77778559923172 0.5776994228363037 0.044007301330566406 0.15889765322208405
0 0.5812724828720093 0.6465147137641907 0.060997962951660156 0.14916369318962097
0 0.2469826340675354 0.7584088444709778 0.05254025384783745 0.16668671369552612
0 0.6184711456298828 0.9065134525299072 0.047108396887779236 0.1778867095708847
0 0.8220852017402649 0.45595115423202515 0.028954695910215378 0.12957975268363953
0 0.06362764537334442 0.538003146648407 0.05600576475262642 0.13227258622646332
