0 0.27776673436164856 0.8290722370147705 0.03394201770424843 0.10411453247070312
0 0.5138776898384094 0.7925233840942383 0.02329692803323269 0.10078997910022736
0 0.3713994026184082 0.9180808067321777 0.036127280443906784 0.10127647966146469
0 0.7088884711265564 0.572871208190918 0.01888561248779297 0.08047370612621307
0 0.49397048354148865 0.6492047905921936 0.019906233996152878 0.08146565407514572
0 0.40750712156295776 0.8546311259269714 0.03440612182021141 0.10626271367073059
0 0.5414124727249146 0.8091637492179871 0.030344072729349136 0.10648320615291595
0 0.3329159617424011 0.7976722717285156 0.028409957885742188 0.09792684018611908
0 0.7387903928756714 0.5777924656867981 0.024178314954042435 0.0859731063246727
0 0.6585202813148499 0.6972017884254456 0.022904396057128906 0.1059478372335434
0 0.3863801956176758 0.7119345664978027 0.035555649548769 0.10331904143095016
0 0.5597342252731323 0.7806898355484009 0.02128448523581028 0.09140090644359589
0 0.6403648853302002 0.6913737058639526 0.01925964280962944 0.09003876894712448
0 0.6990492343902588 0.6894282698631287 0.02646872214972973 0.08494856208562851
