0 0.8627018332481384 0.7870817184448242 0.04865875095129013 0.175320565700531
0 0.21843981742858887 0.6611613631248474 0.048772238194942474 0.17358088493347168
0 0.16870087385177612 0.6695501804351807 0.05695222318172455 0.17694951593875885
0 0.5455780625343323 0.5431457757949829 0.03862911835312843 0.15144148468971252
0 0.7448418736457825 0.592560350894928 0.04454440996050835 0.1823703795671463
0 0.037496671080589294 0.700342059135437 0.0451558455824852 0.17635396122932434
0 0.2603538930416107 0.6205757856369019 0.0498410239815712 0.16054902970790863
0 0.6977588534355164 0.6781845092773438 0.06889285892248154 0.20030894875526428
0 0.5057032704353333 0.521020233631134 0.03386802598834038 0.11408869177103043
0 0.17824377119541168 0.5799398422241211 0.04059786722064018 0.0999680832028389
0 0.6443901062011719 0.6123083233833313 0.04741726070642471 0.13967068493366241
0 0.11751914024353027 0.6593790650367737 0.046954892575740814 0.1536470651626587
