0 0.8870699405670166 0.8697211146354675 0.13967780768871307 0.22233301401138306
0 0.7914808392524719 0.06491507589817047 0.05502472072839737 0.12983015179634094
0 0.37726783752441406 0.29955461621284485 0.058150388300418854 0.17094367742538452
0 0.9783746004104614 0.244984433054924 0.04275684431195259 0.21131595969200134
0 0.7147310972213745 0.11108279973268509 0.06384067237377167 0.0936959832906723
0 0.6334771513938904 0.9586873650550842 0.11864287406206131 0.08185721188783646
0 0.4257504343986511 0.353616863489151 0.07677211612462997 0.1437218189239502
0 0.5220307111740112 0.4361339509487152 0.052073098719120026 0.18034210801124573
0 0.28223374485969543 0.26469719409942627 0.05997877195477486 0.15022176504135132
0 0.03571200370788574 0.173712357878685 0.07142400741577148 0.21079039573669434
