0 0.9029086828231812 0.7521311640739441 0.06853294372558594 0.23159608244895935
0 0.6351900696754456 0.9431416988372803 0.08134377747774124 0.11282001435756683
0 0.442227303981781 0.368766188621521 0.03268880769610405 0.11902495473623276
0 0.9575859308242798 0.6934404969215393 0.04358482360839844 0.1961268037557602
0 0.6827697157859802 0.9474109411239624 0.05577341839671135 0.10381952673196793
0 0.8995981216430664 0.5947341918945312 0.054813385009765625 0.1535291075706482
0 0.5479504466056824 0.4961855709552765 0.05376812443137169 0.16370518505573273
0 0.6074258089065552 0.5055720806121826 0.04872722551226616 0.16769549250602722
0 0.14308953285217285 0.6000346541404724 0.030421582981944084 0.1848907470703125
0 0.4920634627342224 0.34679463505744934 0.03663835674524307 0.11422701925039291
