0 0.5271720886230469 0.4051480293273926 0.03913133591413498 0.03647956997156143
0 0.6666200160980225 0.9475172758102417 0.06153259426355362 0.05974006652832031
0 0.3484223186969757 0.3814396858215332 0.02758839912712574 0.044727325439453125
0 0.7142525911331177 0.8752153515815735 0.0626864954829216 0.06061591953039169
0 0.12298273295164108 0.22983336448669434 0.03875719755887985 0.04790820926427841
0 0.5150749087333679 0.9813402891159058 0.06840407848358154 0.03637809678912163
0 0.2674112915992737 0.9175678491592407 0.06328871101140976 0.05589332431554794
0 0.2808592617511749 0.2231368124485016 0.031210411339998245 0.036897849291563034
0 0.19523972272872925 0.9277936816215515 0.05744222179055214 0.06190376356244087
0 0.5780103802680969 0.8790563344955444 0.05445946753025055 0.05349235609173775
0 0.23709478974342346 0.45087650418281555 0.04142140969634056 0.05155153200030327
0 0.4345662295818329 0.7775532007217407 0.05569373071193695 0.06311206519603729
