0 0.7024752497673035 0.5764541029930115 0.02660198137164116 0.08421719819307327
0 0.37511125206947327 0.8632659912109375 0.021163463592529297 0.10093791037797928
0 0.5107501149177551 0.6737393736839294 0.02358865737915039 0.08480885624885559
0 0.29976892471313477 0.817353367805481 0.02959117852151394 0.10696054995059967
0 0.4094162881374359 0.852642297744751 0.03441505506634712 0.10012995451688766
0 0.5164470076560974 0.7754940390586853 0.020955275744199753 0.10207587480545044
0 0.6996549963951111 0.6915932297706604 0.02745227888226509 0.08682692050933838
0 0.33258315920829773 0.8013651371002197 0.026391727849841118 0.0927533432841301
0 0.555691659450531 0.7627702355384827 0.025683021172881126 0.051770783960819244
0 0.49204081296920776 0.6482113003730774 0.021305274218320847 0.07730408012866974
0 0.35249391198158264 0.7560423016548157 0.02491788938641548 0.08747253566980362
0 0.6415533423423767 0.6904093623161316 0.020511627197265625 0.09072557836771011
0 0.3807661831378937 0.7132758498191833 0.027597714215517044 0.0997035950422287
0 0.5511762499809265 0.820922315120697 0.028256606310606003 0.09920857846736908
0 0.3860629200935364 0.7120943665504456 0.03349781036376953 0.10203959047794342
0 0.15486370027065277 0.5380147099494934 0.019972657784819603 0.058841705322265625
