0 0.9391207098960876 0.5633595585823059 0.04589347913861275 0.10849075019359589
0 0.06751131266355515 0.4207600951194763 0.10116961598396301 0.15960463881492615
0 0.7834528088569641 0.4278724789619446 0.030278395861387253 0.09304864704608917
0 0.6862896084785461 0.6268848776817322 0.03697051852941513 0.13925565779209137
0 0.51102215051651 0.6496767997741699 0.04706382751464844 0.1859925091266632
0 0.8799813985824585 0.49799105525016785 0.029466629028320312 0.10262730717658997
0 0.33180662989616394 0.26279571652412415 0.031077861785888672 0.13474655151367188
0 0.7804067134857178 0.5747982263565063 0.04900646209716797 0.1555711179971695
0 0.3558398485183716 0.28885167837142944 0.02831420861184597 0.1179983988404274
0 0.8504287600517273 0.4795383810997009 0.024914931505918503 0.09062283486127853
0 0.41760483384132385 0.6342661380767822 0.049003250896930695 0.18065740168094635
0 0.5628641843795776 0.4257175028324127 0.029303360730409622 0.09332745522260666
0 0.8292407989501953 0.6122098565101624 0.04548530653119087 0.13428255915641785
0 0.7664191126823425 0.3044528067111969 0.01913280412554741 0.060929808765649796
0 0.2873832583427429 0.22789347171783447 0.02829192392528057 0.12453841418027878
0 0.30383822321891785 0.24107275903224945 0.039411384612321854 0.13847841322422028
0 0.3845707178115845 0.5636910796165466 0.037831880152225494 0.11373163759708405
0 0.8240543603897095 0.6206910610198975 0.05599753186106682 0.1601112335920334
0 0.1920848786830902 0.15934312343597412 0.03854250907897949 0.13200654089450836
0 0.6267334222793579 0.4404699504375458 0.019778378307819366 0.0512210838496685
