0 0.9442116618156433 0.8345533609390259 0.1109950989484787 0.33029067516326904
0 0.8088214993476868 0.9312944412231445 0.15876884758472443 0.1365136057138443
0 0.6086077094078064 0.7743738889694214 0.14211349189281464 0.32467570900917053
0 0.29369786381721497 0.8036352396011353 0.14306707680225372 0.39242032170295715
0 0.6369482278823853 0.2755560874938965 0.09797324985265732 0.34940406680107117
0 0.41432514786720276 0.41761210560798645 0.097722627222538 0.3561525046825409
0 0.36999136209487915 0.4811444580554962 0.14736703038215637 0.3680797219276428
0 0.46916913986206055 0.2894514203071594 0.1058744415640831 0.3531971275806427
0 0.7194970846176147 0.1993275135755539 0.08743705600500107 0.31582963466644287
0 0.2078694850206375 0.44052010774612427 0.1103389710187912 0.3253609836101532
0 0.5799011588096619 0.1615997701883316 0.09465748816728592 0.3231995403766632
0 0.7245630025863647 0.43187791109085083 0.1108909621834755 0.33509957790374756
0 0.39906045794487 0.13280309736728668 0.0862659439444542 0.22119304537773132
0 0.8382707834243774 0.2233300805091858 0.060675811022520065 0.3041227161884308
0 0.18290458619594574 0.16975021362304688 0.06543968617916107 0.2643454670906067
0 0.8770151138305664 0.03522905334830284 0.08531341701745987 0.07045810669660568
0 0.05285527557134628 0.4473412334918976 0.10393480956554413 0.3426137864589691
0 0.981418251991272 0.06654830276966095 0.03658599779009819 0.13239622116088867
0 0.8629883527755737 0.5761841535568237 0.1789497435092926 0.41984203457832336
0 0.28733596205711365 0.5656678080558777 0.08801861107349396 0.2478048950433731
0 0.12635363638401031 0.28888270258903503 0.11444313079118729 0.29224202036857605
0 0.80220627784729 0.5949116945266724 0.08498211205005646 0.3845684826374054
0 0.47574979066848755 0.11735668033361435 0.07383213192224503 0.143124520778656
0 0.987484335899353 0.30721572041511536 0.024498557671904564 0.21428462862968445
0 0.09805772453546524 0.12830665707588196 0.0755043476819992 0.13323047757148743
0 0.1021595224738121 0.3755194842815399 0.11232771724462509 0.29065975546836853
