0 0.16234557330608368 0.8290868401527405 0.0658806711435318 0.21776250004768372
0 0.36787810921669006 0.9597272276878357 0.04564094543457031 0.07946930080652237
0 0.4414946138858795 0.7119421362876892 0.04656248167157173 0.15797877311706543
0 0.33020395040512085 0.6345784664154053 0.03424781188368797 0.12802760303020477
0 0.5500462651252747 0.6690319776535034 0.04728364944458008 0.12743157148361206
0 0.3955502510070801 0.652187705039978 0.03906192630529404 0.1253974884748459
0 0.6702542901039124 0.647702157497406 0.03515535965561867 0.11947504431009293
0 0.6748124957084656 0.9292522072792053 0.06150398403406143 0.14028015732765198
0 0.20420408248901367 0.5919032692909241 0.030979346483945847 0.13533227145671844
0 0.9221580624580383 0.849641740322113 0.08734588325023651 0.17216211557388306
0 0.21934661269187927 0.7363447546958923 0.03879261016845703 0.1483089029788971
0 0.7343872785568237 0.64646315574646 0.030461756512522697 0.11397018283605576
0 0.11540667712688446 0.5195152163505554 0.02379760704934597 0.11616723984479904
0 0.5349360108375549 0.8369821906089783 0.06690339744091034 0.15524953603744507
0 0.6702651381492615 0.8460243344306946 0.05266278609633446 0.11718852072954178
0 0.5873852968215942 0.7645241618156433 0.03565260395407677 0.11812371015548706
0 0.03445056825876236 0.5489227771759033 0.03410022333264351 0.1285649687051773
