0 0.37404945492744446 0.8572897911071777 0.03232584148645401 0.11145257204771042
0 0.4953174591064453 0.8142876625061035 0.02899494208395481 0.12237370759248734
0 0.3418580889701843 0.8467287421226501 0.029871750622987747 0.1079966202378273
0 0.41241025924682617 0.8512864708900452 0.03030548058450222 0.10540644079446793
0 0.4658714830875397 0.8092595338821411 0.02749605104327202 0.0842333510518074
0 0.5643946528434753 0.813770055770874 0.03087634965777397 0.11913274228572845
0 0.2953191101551056 0.8379254937171936 0.02944539301097393 0.10457254946231842
0 0.5575710535049438 0.8086562156677246 0.044061850756406784 0.13239915668964386
0 0.471904456615448 0.6878771185874939 0.02559356763958931 0.09015676379203796
0 0.6634730696678162 0.7019332647323608 0.025711441412568092 0.11193309724330902
0 0.24437518417835236 0.6972397565841675 0.026198482140898705 0.1146097406744957
