0 0.40872299671173096 0.8543996214866638 0.036301612854003906 0.10789261013269424
0 0.7372958064079285 0.5750241875648499 0.02423788793385029 0.08364219963550568
0 0.36634212732315063 0.9185023903846741 0.03751207888126373 0.09858449548482895
0 0.5127366185188293 0.784411609172821 0.02093048021197319 0.09560496360063553
0 0.7082597017288208 0.5730009078979492 0.02091960981488228 0.08040453493595123
0 0.5490463972091675 0.805409848690033 0.034082379192113876 0.11696574091911316
0 0.33184248208999634 0.799621045589447 0.02936849556863308 0.09364649653434753
0 0.4936394691467285 0.6474353671073914 0.018212508410215378 0.08494847267866135
0 0.274681955575943 0.8287268877029419 0.02813415601849556 0.10347671806812286
0 0.6597848534584045 0.6997506618499756 0.027994345873594284 0.10781631618738174
0 0.38517290353775024 0.7118277549743652 0.03498563915491104 0.10066910088062286
0 0.6997712254524231 0.6908636093139648 0.027031898498535156 0.08616430312395096
