0 0.49640530347824097 0.8145474195480347 0.03410396724939346 0.11555048823356628
0 0.7551884055137634 0.6500915288925171 0.021766280755400658 0.06475423276424408
0 0.46589621901512146 0.8070273399353027 0.030306052416563034 0.0843711867928505
0 0.5230463743209839 0.7915544509887695 0.028394285589456558 0.11917207390069962
0 0.49417445063591003 0.6493625640869141 0.019936656579375267 0.0772402435541153
0 0.7047991156578064 0.5755125880241394 0.029710769653320312 0.08801218867301941
0 0.573733925819397 0.821715772151947 0.038239479064941406 0.09799016267061234
0 0.3132246732711792 0.8154489994049072 0.02920560911297798 0.1001431792974472
0 0.41537249088287354 0.8431832194328308 0.03405647352337837 0.09827295690774918
0 0.26266637444496155 0.8909739851951599 0.029138660058379173 0.11909179389476776
0 0.375404417514801 0.8529120683670044 0.031426332890987396 0.10205866396427155
0 0.632087767124176 0.6995477676391602 0.02756958082318306 0.0806412622332573
0 0.6551751494407654 0.6968516707420349 0.024684524163603783 0.11128026992082596
0 0.35547974705696106 0.8427444696426392 0.029674911871552467 0.10856526345014572
0 0.6734727025032043 0.7065876722335815 0.02132841758430004 0.10013028979301453
