0 0.2943062484264374 0.7739191055297852 0.059822749346494675 0.17042359709739685
0 0.01998688466846943 0.6854812502861023 0.039932411164045334 0.1732884794473648
0 0.125915989279747 0.7912343144416809 0.05267719551920891 0.21192346513271332
0 0.14898015558719635 0.5601140260696411 0.028268050402402878 0.12333450466394424
0 0.48215818405151367 0.9720701575279236 0.041669271886348724 0.054866451770067215
0 0.5127980709075928 0.7393847107887268 0.06207319721579552 0.14987865090370178
0 0.033086638897657394 0.5442392230033875 0.03873123228549957 0.14739570021629333
0 0.7474747896194458 0.9050028324127197 0.059158071875572205 0.1896616667509079
0 0.6541851162910461 0.6306220889091492 0.03834819793701172 0.11386693269014359
0 0.35663652420043945 0.6563558578491211 0.03593139722943306 0.12946264445781708
0 0.22464975714683533 0.5852900743484497 0.03156023100018501 0.13696734607219696
0 0.6711737513542175 0.9314177632331848 0.06718063354492188 0.13592156767845154
0 0.19982309639453888 0.5314198732376099 0.028597719967365265 0.12107692658901215
0 0.7931349277496338 0.8555580973625183 0.04763374477624893 0.16008351743221283
