0 0.8674026727676392 0.7201918959617615 0.19250908493995667 0.3779934048652649
0 0.7422681450843811 0.7367401123046875 0.12823811173439026 0.3780654966831207
0 0.3915060758590698 0.7375113368034363 0.09341631084680557 0.36009737849235535
0 0.039410948753356934 0.8851976990699768 0.07856127619743347 0.22950999438762665
0 0.5425495505332947 0.9449509382247925 0.11673231422901154 0.10858764499425888
0 0.6788538694381714 0.5913236141204834 0.12012501060962677 0.34824061393737793
0 0.10765039920806885 0.6136621236801147 0.10674134641885757 0.3677268624305725
0 0.32509443163871765 0.607002317905426 0.10965633392333984 0.3482685983181
0 0.2050258070230484 0.5900464653968811 0.11938853561878204 0.34453555941581726
0 0.18394161760807037 0.21796105802059174 0.08756513893604279 0.3194611072540283
0 0.25510090589523315 0.2344760000705719 0.08828285336494446 0.34027430415153503
0 0.045532215386629105 0.5795934796333313 0.09106443077325821 0.3759830594062805
0 0.7462294101715088 0.397047758102417 0.08490409702062607 0.32196494936943054
0 0.5061396360397339 0.6581974029541016 0.10149647295475006 0.3417859375476837
0 0.8192895650863647 0.5802326798439026 0.07186279445886612 0.37059053778648376
0 0.952405571937561 0.5453987717628479 0.09484176337718964 0.43787696957588196
0 0.5326143503189087 0.6605684757232666 0.15311965346336365 0.33989256620407104
0 0.363791286945343 0.48540446162223816 0.15663376450538635 0.33351898193359375
0 0.2811644673347473 0.04346035420894623 0.10081146657466888 0.08692070841789246
0 0.6333962082862854 0.3834097981452942 0.0862349197268486 0.3030165433883667
0 0.4711729884147644 0.385983943939209 0.07201709598302841 0.3349112272262573
0 0.4375225603580475 0.15456275641918182 0.06758375465869904 0.2899370789527893
0 0.05978519842028618 0.39547085762023926 0.1195686012506485 0.21591606736183167
0 0.12196538597345352 0.22548995912075043 0.06710600852966309 0.317911833524704
0 0.2139301747083664 0.5489082932472229 0.12229013442993164 0.38425374031066895
