0 0.17801843583583832 0.9040437936782837 0.05399793013930321 0.05789298936724663
0 0.2522786855697632 0.9020643830299377 0.062320780009031296 0.058530617505311966
0 0.5303128957748413 0.8828936219215393 0.04352603480219841 0.059311866760253906
0 0.4860823452472687 0.9708539247512817 0.11283803731203079 0.05729541927576065
0 0.6627509593963623 0.9503494501113892 0.05974019318819046 0.06080818176269531
0 0.5282069444656372 0.4042759835720062 0.03561610355973244 0.03604240342974663
0 0.34783467650413513 0.380985826253891 0.027286021038889885 0.04226325452327728
0 0.13299506902694702 0.22940239310264587 0.03156174719333649 0.04573793336749077
0 0.7143188714981079 0.8761962652206421 0.05010799691081047 0.05636177211999893
0 0.5802383422851562 0.8767699003219604 0.04999355599284172 0.05172424390912056
0 0.23975993692874908 0.4501833915710449 0.042210500687360764 0.05131950229406357
0 0.8366143107414246 0.2169124186038971 0.03209567442536354 0.0403079017996788
0 0.2869642376899719 0.21808592975139618 0.025910018011927605 0.033677197992801666
0 0.8284828066825867 0.868848979473114 0.0526258684694767 0.05219306796789169
0 0.7402584552764893 0.6469242572784424 0.05519527941942215 0.06638539582490921
0 0.8880707621574402 0.2897365987300873 0.03513098880648613 0.0459962859749794
0 0.45333853363990784 0.6751106977462769 0.05192447081208229 0.05644340440630913
