0 0.6107929348945618 0.30342602729797363 0.11576805263757706 0.34624728560447693
0 0.28269487619400024 0.8833456039428711 0.1504841297864914 0.2323647439479828
0 0.5224615931510925 0.7436989545822144 0.12483403086662292 0.37496790289878845
0 0.4402807354927063 0.4575273394584656 0.13035288453102112 0.3187393546104431
0 0.15842388570308685 0.8358045220375061 0.16136200726032257 0.32790476083755493
0 0.474907249212265 0.3039715588092804 0.09264564514160156 0.3669658303260803
0 0.267130583524704 0.6243869066238403 0.1442183554172516 0.36248424649238586
0 0.6841030120849609 0.7661654949188232 0.10411892086267471 0.4617273509502411
0 0.591486394405365 0.06932888180017471 0.1130191832780838 0.13865776360034943
0 0.9134666323661804 0.7201337814331055 0.12619629502296448 0.3858150541782379
0 0.0767064020037651 0.5463534593582153 0.09647180140018463 0.34142401814460754
0 0.07098715752363205 0.26984265446662903 0.11199601739645004 0.2909604609012604
0 0.3610774278640747 0.37406930327415466 0.09437157213687897 0.3621547222137451
0 0.04321252554655075 0.8794218301773071 0.08635039627552032 0.23903410136699677
0 0.09717060625553131 0.1091904416680336 0.08806810528039932 0.2183808833360672
0 0.7846058011054993 0.25880467891693115 0.08532632142305374 0.32836586236953735
0 0.8554130792617798 0.676678478717804 0.1450275480747223 0.46143361926078796
0 0.8260214328765869 0.3448731005191803 0.11898670345544815 0.3570270538330078
0 0.9579934477806091 0.11875027418136597 0.06046581268310547 0.23499548435211182
0 0.32510480284690857 0.0866139605641365 0.048697471618652344 0.173227921128273
0 0.7737389802932739 0.07687472552061081 0.056387901306152344 0.15374945104122162
0 0.2064095437526703 0.04409240186214447 0.06196947023272514 0.08798415213823318
0 0.2043692171573639 0.5232307314872742 0.05727672576904297 0.253072053194046
0 0.03133418411016464 0.39607730507850647 0.0625983253121376 0.49990981817245483
0 0.8951147198677063 0.44479498267173767 0.0928802490234375 0.24968017637729645
0 0.8473710417747498 0.1026042103767395 0.06143360212445259 0.2049509733915329
0 0.2768394351005554 0.317160427570343 0.112518310546875 0.2652330994606018
0 0.8861614465713501 0.7065058946609497 0.17355124652385712 0.40523791313171387
