0 0.8528971076011658 0.641170084476471 0.022822147235274315 0.10477855056524277
0 0.9010955691337585 0.8804171681404114 0.027498627081513405 0.09617456048727036
0 0.7982882261276245 0.7903918027877808 0.02473924495279789 0.12614086270332336
0 0.7260777950286865 0.825548529624939 0.03148511424660683 0.14501379430294037
0 0.8039490580558777 0.6080382466316223 0.02313029021024704 0.10006445646286011
0 0.9283809065818787 0.9289188385009766 0.02379150316119194 0.10237038135528564
0 0.7558544874191284 0.4283599853515625 0.023276010528206825 0.08300796151161194
0 0.9300869703292847 0.8209365010261536 0.025667741894721985 0.1176818236708641
0 0.9916490316390991 0.5594146847724915 0.01583082415163517 0.10250503569841385
0 0.8419944643974304 0.8024989366531372 0.02440338209271431 0.11337778717279434
0 0.952201783657074 0.6973863840103149 0.01963043212890625 0.0873650312423706
