0 0.14469188451766968 0.8329192399978638 0.11881887912750244 0.32144978642463684
0 0.04588371515274048 0.8406530022621155 0.08030078560113907 0.31769493222236633
0 0.7711886763572693 0.7952107787132263 0.09129571914672852 0.40957850217819214
0 0.252149373292923 0.848160445690155 0.08486981689929962 0.29275885224342346
0 0.8281400799751282 0.7968667149543762 0.07299809157848358 0.40626662969589233
0 0.3134598731994629 0.8438618779182434 0.11030073463916779 0.3073279559612274
0 0.6435995697975159 0.8528720140457153 0.09222879260778427 0.2935916483402252
0 0.7287428975105286 0.9094095826148987 0.11588840186595917 0.18118081986904144
0 0.7010239362716675 0.754342794418335 0.06984005123376846 0.16626417636871338
0 0.5016674995422363 0.8524223566055298 0.07843665778636932 0.2945431172847748
0 0.3932202458381653 0.8868035078048706 0.088648222386837 0.22220052778720856
0 0.2058999091386795 0.7321588397026062 0.05784989520907402 0.1989734172821045
0 0.547541618347168 0.8283898234367371 0.0602605827152729 0.3284011781215668
0 0.20642037689685822 0.7766079306602478 0.058085739612579346 0.28985849022865295
0 0.3449022173881531 0.7071478962898254 0.05423693731427193 0.22700941562652588
0 0.5936408042907715 0.8365679979324341 0.05687866359949112 0.3219775855541229
0 0.948382556438446 0.7527150511741638 0.0669940933585167 0.37350040674209595
0 0.9132692217826843 0.8039616942405701 0.05628357082605362 0.2856961190700531
0 0.4336062967777252 0.7733160257339478 0.06769371032714844 0.2761756181716919
0 0.01148681528866291 0.8887455463409424 0.02282588742673397 0.21997274458408356
