0 0.6054933667182922 0.7768514752388 0.15882758796215057 0.3962417244911194
0 0.0659874752163887 0.8319270610809326 0.1191200241446495 0.33562660217285156
0 0.06399532407522202 0.4963545799255371 0.12799064815044403 0.3601823151111603
0 0.26487377285957336 0.8094629049301147 0.11501946300268173 0.37538501620292664
0 0.8212167024612427 0.8178133368492126 0.13205267488956451 0.36378908157348633
0 0.23843206465244293 0.38658082485198975 0.14807891845703125 0.3795592486858368
0 0.1796472817659378 0.8758533000946045 0.12025370448827744 0.24803288280963898
0 0.3589237332344055 0.6320022344589233 0.09736661612987518 0.3634800910949707
0 0.8615509271621704 0.2691984474658966 0.10693206638097763 0.32442834973335266
0 0.7651159763336182 0.6605967283248901 0.13319873809814453 0.3129905164241791
0 0.6637639999389648 0.5344721674919128 0.08021774142980576 0.3897969424724579
0 0.46514782309532166 0.7476025819778442 0.0830814391374588 0.33499908447265625
0 0.9671831130981445 0.6056051254272461 0.06522712856531143 0.38250258564949036
0 0.09329381585121155 0.2622539699077606 0.09343123435974121 0.29317784309387207
0 0.37676864862442017 0.16742226481437683 0.09098981320858002 0.3058050274848938
0 0.4492402970790863 0.30973103642463684 0.10450954735279083 0.3112415671348572
0 0.5197321176528931 0.6236506700515747 0.10126816481351852 0.35375162959098816
0 0.21654042601585388 0.12358018755912781 0.0938735157251358 0.24696935713291168
0 0.9492347836494446 0.12464137375354767 0.0737941712141037 0.24928274750709534
0 0.11787848174571991 0.08556056022644043 0.08089141547679901 0.17112112045288086
