0 0.8304406404495239 0.9131168127059937 0.08365980535745621 0.17268769443035126
0 0.21485480666160583 0.953224778175354 0.07001514732837677 0.09245147556066513
0 0.08497485518455505 0.9313764572143555 0.05582200363278389 0.1360526978969574
0 0.786672055721283 0.7067133784294128 0.04461326450109482 0.17203186452388763
0 0.6603218913078308 0.7364578247070312 0.0439453125 0.17072245478630066
0 0.06285301595926285 0.5503098964691162 0.05750443786382675 0.1545555144548416
0 0.3492298126220703 0.5066419243812561 0.039910316467285156 0.14412091672420502
0 0.0249628983438015 0.6848593354225159 0.04992503300309181 0.18437780439853668
0 0.3050927519798279 0.6308700442314148 0.05234355852007866 0.17830069363117218
0 0.7593527436256409 0.5016211867332458 0.04225940629839897 0.10186373442411423
0 0.1861301213502884 0.5315451622009277 0.038253530859947205 0.14356718957424164
0 0.1332569569349289 0.5024520754814148 0.03938636928796768 0.1395295411348343
0 0.7047721743583679 0.6341539025306702 0.04083080217242241 0.16524836421012878
0 0.5985397100448608 0.7525926232337952 0.058648109436035156 0.1964927613735199
0 0.01602700725197792 0.5609414577484131 0.03205401450395584 0.11350199580192566
0 0.10181248188018799 0.6098073124885559 0.03946056216955185 0.13769441843032837
0 0.7214323878288269 0.4212040305137634 0.03235797956585884 0.11397489160299301
