0 0.3305281400680542 0.5300390720367432 0.043119143694639206 0.12955355644226074
0 0.9521405100822449 0.45483458042144775 0.029230881482362747 0.09012489020824432
0 0.17086152732372284 0.5121880769729614 0.06557895243167877 0.2506212890148163
0 0.18943430483341217 0.16949762403964996 0.03149294853210449 0.14447838068008423
0 0.21401602029800415 0.18882079422473907 0.028161954134702682 0.1215524896979332
0 0.4607035517692566 0.3547775447368622 0.02878551557660103 0.10067931562662125
0 0.6524078249931335 0.6917603611946106 0.04411792755126953 0.14334145188331604
0 0.15197940170764923 0.13400930166244507 0.05286140367388725 0.1567133367061615
0 0.44614124298095703 0.6429257988929749 0.06527576595544815 0.17497864365577698
0 0.5336742401123047 0.66405189037323 0.05090424045920372 0.18173721432685852
0 0.7648200392723083 0.6018497347831726 0.035124968737363815 0.10039011389017105
0 0.8681400418281555 0.4306131899356842 0.028188705444335938 0.07439638674259186
0 0.9793195724487305 0.5268790125846863 0.040703583508729935 0.10182393342256546
0 0.822223424911499 0.34849005937576294 0.01788311079144478 0.06765440106391907
0 0.1617937684059143 0.45167914032936096 0.04547081142663956 0.1310298889875412
0 0.5309513211250305 0.40130266547203064 0.02960945852100849 0.08582352846860886
0 0.6802417635917664 0.3491385877132416 0.019690323621034622 0.06524213403463364
0 0.8164128661155701 0.5713176131248474 0.030402183532714844 0.09306081384420395
