0 0.6505080461502075 0.875657320022583 0.16311855614185333 0.2453991323709488
0 0.15301354229450226 0.8285384178161621 0.12022914737462997 0.3255999982357025
0 0.041619621217250824 0.8371672630310059 0.08167161792516708 0.31890952587127686
0 0.916999340057373 0.8070453405380249 0.0960010513663292 0.38187968730926514
0 0.7500133514404297 0.8021377325057983 0.10325660556554794 0.38958948850631714
0 0.25023889541625977 0.8466423749923706 0.08570337295532227 0.2957346737384796
0 0.4909161925315857 0.8522918820381165 0.0853666290640831 0.28981220722198486
0 0.3112299144268036 0.8381363749504089 0.11069121211767197 0.31977319717407227
0 0.8207729458808899 0.8896067142486572 0.12786731123924255 0.22078654170036316
0 0.3883199095726013 0.8854633569717407 0.09629102051258087 0.22499220073223114
0 0.20560690760612488 0.7163918614387512 0.05141792446374893 0.18319566547870636
0 0.5858973264694214 0.8339299559593201 0.09240265190601349 0.31362274289131165
0 0.4302091598510742 0.78718501329422 0.06973111629486084 0.3017590045928955
