0 0.45757028460502625 0.8598079085350037 0.09916973114013672 0.2793019711971283
0 0.2213163673877716 0.851582407951355 0.16079290211200714 0.29488927125930786
0 0.811859130859375 0.7137065529823303 0.13967940211296082 0.3790971040725708
0 0.5005328059196472 0.6795545816421509 0.11548557132482529 0.2902684211730957
0 0.41636398434638977 0.5071345567703247 0.10806512832641602 0.35167452692985535
0 0.6279041171073914 0.5273498892784119 0.1418403685092926 0.36690765619277954
0 0.12061002105474472 0.7728697657585144 0.118984654545784 0.36874744296073914
0 0.7501023411750793 0.6504133343696594 0.10796032100915909 0.36761003732681274
0 0.23796679079532623 0.586309552192688 0.09325364232063293 0.3330632448196411
0 0.1341274380683899 0.5308062434196472 0.10462042689323425 0.25269749760627747
0 0.9569608569145203 0.5484117865562439 0.08515319973230362 0.3951553404331207
0 0.056206114590168 0.10563533753156662 0.11023297160863876 0.21055608987808228
0 0.9337399005889893 0.19164930284023285 0.06872673332691193 0.31457749009132385
0 0.14122505486011505 0.36621683835983276 0.10986156761646271 0.35036635398864746
0 0.38387489318847656 0.2187880575656891 0.09191350638866425 0.31359073519706726
0 0.8704898953437805 0.30529266595840454 0.10143528133630753 0.3851645588874817
0 0.27019551396369934 0.45272454619407654 0.08939127624034882 0.32110708951950073
0 0.9597753286361694 0.7955498695373535 0.08013992011547089 0.36824214458465576
0 0.2540844976902008 0.31131094694137573 0.10773380845785141 0.19461466372013092
0 0.19807618856430054 0.09538259357213974 0.07395699620246887 0.18866126239299774
0 0.7567980289459229 0.14672088623046875 0.09216301888227463 0.27521833777427673
0 0.5778844356536865 0.4535180926322937 0.08154316246509552 0.3814055025577545
