0 0.6805402636528015 0.650581419467926 0.0209503173828125 0.10776833444833755
0 0.8400747776031494 0.6292780041694641 0.02350463904440403 0.100149966776371
0 0.8730543255805969 0.612015962600708 0.023631710559129715 0.09534960240125656
0 0.9646112322807312 0.823857843875885 0.02550354041159153 0.11107000708580017
0 0.9088303446769714 0.8413469791412354 0.0260281041264534 0.10981380194425583
0 0.8310518264770508 0.3089695870876312 0.019414519891142845 0.08445616811513901
0 0.77131187915802 0.6751827597618103 0.02552947960793972 0.09067391604185104
0 0.6578026413917542 0.32513412833213806 0.02000749297440052 0.08716751635074615
0 0.653494656085968 0.43306636810302734 0.022241974249482155 0.08848699927330017
0 0.9261040687561035 0.45825743675231934 0.01873185858130455 0.08961758762598038
0 0.968571662902832 0.6816757321357727 0.02491607703268528 0.09700873494148254
0 0.8829715251922607 0.766230583190918 0.020499419420957565 0.08646536618471146
0 0.8050850033760071 0.7127070426940918 0.02705790288746357 0.09582164138555527
0 0.7672703266143799 0.20289002358913422 0.01996341347694397 0.0996912494301796
