0 0.033317241817712784 0.4393351674079895 0.06624673306941986 0.25717923045158386
0 0.9435596466064453 0.4800167381763458 0.030627060681581497 0.09488923847675323
0 0.8342914581298828 0.44533050060272217 0.03222236782312393 0.09887848049402237
0 0.7022331357002258 0.6203659176826477 0.03743762895464897 0.10737762600183487
0 0.9579647183418274 0.5603742599487305 0.03330574184656143 0.10490010678768158
0 0.5987911224365234 0.668894350528717 0.05022144317626953 0.07482757419347763
0 0.8836129903793335 0.43458396196365356 0.022879790514707565 0.08856391906738281
0 0.8627960085868835 0.4561220705509186 0.02704315260052681 0.08157853037118912
0 0.8694683313369751 0.3645501732826233 0.02034454420208931 0.06847953796386719
0 0.18379062414169312 0.16651694476604462 0.03867936134338379 0.13115684688091278
0 0.7294162511825562 0.33934566378593445 0.02173137664794922 0.08300349116325378
0 0.9032567739486694 0.3608741760253906 0.027031326666474342 0.1003190129995346
0 0.671521782875061 0.651803195476532 0.06842003017663956 0.12160567939281464
0 0.5221498608589172 0.39843636751174927 0.027901077643036842 0.10155029594898224
0 0.3011820614337921 0.5291337966918945 0.040146730840206146 0.1134188324213028
0 0.4226659834384918 0.6215663552284241 0.08785305172204971 0.2012389749288559
0 0.709912121295929 0.3568142354488373 0.018177222460508347 0.06514351814985275
0 0.3582175672054291 0.5606842041015625 0.060253240168094635 0.10525283962488174
0 0.42563870549201965 0.5951097011566162 0.08067140728235245 0.14915034174919128
