0 0.08633101731538773 0.9112441539764404 0.048255134373903275 0.17751170694828033
0 0.2095843404531479 0.8570478558540344 0.05954742431640625 0.2392367273569107
0 0.40033671259880066 0.5377442240715027 0.03206147998571396 0.17320616543293
0 0.10056623071432114 0.7521820068359375 0.04469640180468559 0.22457106411457062
0 0.6669114232063293 0.4889622926712036 0.030900001525878906 0.17579379677772522
0 0.5228068232536316 0.4918869435787201 0.030704593285918236 0.15388886630535126
0 0.2414911538362503 0.6700245141983032 0.04137597233057022 0.1995515674352646
0 0.36808034777641296 0.59048992395401 0.046506308019161224 0.20291641354560852
0 0.9791572690010071 0.5894532203674316 0.04120292514562607 0.2051854431629181
0 0.5070281028747559 0.8288657069206238 0.041676901280879974 0.15994466841220856
0 0.7732104063034058 0.4985899329185486 0.031160736456513405 0.16115418076515198
