0 0.06956307590007782 0.8803448677062988 0.06086282804608345 0.2389826476573944
0 0.4861016273498535 0.5679242014884949 0.03442077711224556 0.19001054763793945
0 0.5182064175605774 0.5926739573478699 0.036387696862220764 0.1766515076160431
0 0.5935475826263428 0.5472646951675415 0.04009876400232315 0.20351232588291168
0 0.13468419015407562 0.8657599687576294 0.049675170332193375 0.23678548634052277
0 0.40004000067710876 0.4973621368408203 0.03314981609582901 0.17420482635498047
0 0.8270148038864136 0.4440365135669708 0.030422592535614967 0.12534193694591522
0 0.277386873960495 0.5800701975822449 0.0340539775788784 0.18923000991344452
0 0.18720442056655884 0.8254426717758179 0.05419740825891495 0.18017171323299408
0 0.019542809575796127 0.7141276597976685 0.0390017107129097 0.23157551884651184
0 0.631222665309906 0.5230324864387512 0.03736858442425728 0.17055189609527588
0 0.23659949004650116 0.8319435715675354 0.046482086181640625 0.2136874794960022
