0 0.23740771412849426 0.9590673446655273 0.05924652889370918 0.057117462158203125
0 0.7169002890586853 0.8691341876983643 0.06190083920955658 0.06345901638269424
0 0.6694719195365906 0.9467352032661438 0.06037648394703865 0.06004905700683594
0 0.5279463529586792 0.40402114391326904 0.0383215993642807 0.03541415557265282
0 0.30405935645103455 0.9504131078720093 0.05575490742921829 0.046488188207149506
0 0.35168856382369995 0.381431519985199 0.02719336561858654 0.045423474162817
0 0.5701586604118347 0.8707951903343201 0.06704661250114441 0.06583233177661896
0 0.10218654572963715 0.2251741886138916 0.03853454440832138 0.04515228420495987
0 0.43956688046455383 0.19367413222789764 0.0346357561647892 0.0366368293762207
0 0.8006433844566345 0.9412954449653625 0.0562642402946949 0.057546235620975494
0 0.8397898077964783 0.21734221279621124 0.02753194235265255 0.03787674754858017
0 0.634612500667572 0.3945789933204651 0.030800599604845047 0.04336977005004883
0 0.09515802562236786 0.76859450340271 0.04700974375009537 0.05207538604736328
0 0.8429273962974548 0.2825649380683899 0.02844645269215107 0.04306228831410408
0 0.2619616389274597 0.22327499091625214 0.029187632724642754 0.03609037399291992
0 0.6789884567260742 0.4769131541252136 0.04503784328699112 0.04911041259765625
0 0.6768630146980286 0.40325862169265747 0.04286815598607063 0.07191238552331924
0 0.051858868449926376 0.7846739292144775 0.060821130871772766 0.06213817745447159
