0 0.36257675290107727 0.8444775342941284 0.03813657909631729 0.12291751801967621
0 0.2852337956428528 0.8341795802116394 0.03142128139734268 0.11065995693206787
0 0.4179753363132477 0.8459354639053345 0.03247947618365288 0.1095818430185318
0 0.7052624225616455 0.5766740441322327 0.027952449396252632 0.08902740478515625
0 0.760766327381134 0.6438036561012268 0.020894814282655716 0.0751267746090889
0 0.467250257730484 0.8084491491317749 0.02709941938519478 0.08741031587123871
0 0.13676609098911285 0.4704873859882355 0.021988440304994583 0.0774308517575264
0 0.4963701367378235 0.8150026798248291 0.025387953966856003 0.11826121062040329
0 0.27201125025749207 0.7254776954650879 0.029760440811514854 0.09766129404306412
0 0.6291800737380981 0.6834129095077515 0.022973505780100822 0.07349129021167755
0 0.6631050109863281 0.7019780278205872 0.0338248573243618 0.12122874706983566
0 0.5668693780899048 0.8278720378875732 0.03781452029943466 0.09483896940946579
