0 0.39319565892219543 0.790637731552124 0.11254892498254776 0.33961716294288635
0 0.11625297367572784 0.4553765058517456 0.12492956966161728 0.35501593351364136
0 0.686112105846405 0.75236576795578 0.1210641860961914 0.4023084044456482
0 0.06402796506881714 0.6455832719802856 0.12000982463359833 0.3329428434371948
0 0.15949653089046478 0.8260536789894104 0.15164512395858765 0.3044320046901703
0 0.28306570649147034 0.3113132417201996 0.09420718997716904 0.35371237993240356
0 0.2009599655866623 0.2820715308189392 0.08142490684986115 0.32685908675193787
0 0.22716204822063446 0.7537723779678345 0.12794139981269836 0.3453114926815033
0 0.5757091641426086 0.741236686706543 0.11929807811975479 0.3680694103240967
0 0.40926843881607056 0.6073290705680847 0.08831949532032013 0.35355889797210693
0 0.8510600924491882 0.6996731162071228 0.1028873473405838 0.3618728518486023
0 0.9028269052505493 0.5173450708389282 0.06902579963207245 0.26366743445396423
0 0.8309429287910461 0.2727084755897522 0.08858375251293182 0.32076752185821533
0 0.028395362198352814 0.08904200792312622 0.05673331394791603 0.17795388400554657
0 0.1307118833065033 0.2706129848957062 0.08045734465122223 0.20483508706092834
0 0.22042688727378845 0.09667886048555374 0.09258031845092773 0.19335772097110748
0 0.9263073205947876 0.8584182858467102 0.0995277389883995 0.27857285737991333
0 0.969552755355835 0.4134104549884796 0.06046657636761665 0.21165034174919128
0 0.08094761520624161 0.07893358916044235 0.05149495229125023 0.15753193199634552
0 0.3184327483177185 0.0978630781173706 0.0801229476928711 0.1957261562347412
