0 0.7542645335197449 0.773496687412262 0.06279869377613068 0.19377373158931732
0 0.6619715094566345 0.8496534824371338 0.05532163009047508 0.20357055962085724
0 0.09821868687868118 0.6342710852622986 0.04575490951538086 0.15191395580768585
0 0.09941066056489944 0.889621913433075 0.08415018767118454 0.2196468710899353
0 0.8647533655166626 0.7887585163116455 0.03698234632611275 0.16833505034446716
0 0.5857679843902588 0.6511470079421997 0.044787850230932236 0.16524747014045715
0 0.20476789772510529 0.5488623380661011 0.04261317104101181 0.1497698426246643
0 0.8128213286399841 0.7807799577713013 0.045416705310344696 0.16519249975681305
0 0.15187397599220276 0.8860594630241394 0.05063171312212944 0.20873209834098816
0 0.022583551704883575 0.5918683409690857 0.03648505359888077 0.15590086579322815
0 0.30527636408805847 0.5773387551307678 0.04025755077600479 0.1555655151605606
0 0.2443486750125885 0.6562722325325012 0.045929811894893646 0.16159337759017944
0 0.7129334807395935 0.453140527009964 0.03662605211138725 0.11301002651453018
0 0.08618171513080597 0.5306812524795532 0.05026795342564583 0.10873997956514359
0 0.7884198427200317 0.48253893852233887 0.040819741785526276 0.12575921416282654
0 0.5395940542221069 0.6513796448707581 0.04328117519617081 0.15777914226055145
0 0.16948352754116058 0.6497718095779419 0.04465656355023384 0.15725372731685638
0 0.3746519684791565 0.5636364221572876 0.03412752225995064 0.14029516279697418
0 0.04839714989066124 0.5785631537437439 0.03416600450873375 0.13341864943504333
0 0.32802778482437134 0.5246971249580383 0.04020773619413376 0.14280323684215546
