0 0.6448920965194702 0.6320021152496338 0.17628136277198792 0.3676495850086212
0 0.19764916598796844 0.8542715311050415 0.2038978636264801 0.28999221324920654
0 0.7997769713401794 0.8310480117797852 0.14569683372974396 0.3369603455066681
0 0.895389199256897 0.5359964370727539 0.1410377472639084 0.33810779452323914
0 0.37076371908187866 0.7642121911048889 0.1543944925069809 0.3145093321800232
0 0.2559657692909241 0.4264344871044159 0.126953586935997 0.3503287136554718
0 0.7854808568954468 0.32406023144721985 0.11058775335550308 0.34010082483291626
0 0.419625461101532 0.40792983770370483 0.11428594589233398 0.38073819875717163
0 0.8844547271728516 0.3587144613265991 0.081903837621212 0.2859978973865509
0 0.7452629208564758 0.16091543436050415 0.0928075760602951 0.3163596987724304
0 0.9648398160934448 0.36228057742118835 0.0698709487915039 0.3712254762649536
0 0.5145463943481445 0.5428624749183655 0.11316696554422379 0.3497372567653656
0 0.8518205881118774 0.12323753535747528 0.06653670966625214 0.24595004320144653
0 0.08250600844621658 0.43652626872062683 0.15015411376953125 0.32424792647361755
0 0.18128035962581635 0.35824236273765564 0.09443943947553635 0.3364882469177246
0 0.650875449180603 0.20602157711982727 0.07418002933263779 0.32976803183555603
0 0.4282878339290619 0.13563352823257446 0.07620096206665039 0.27099406719207764
0 0.29167014360427856 0.20697060227394104 0.0701662078499794 0.29570719599723816
0 0.22915655374526978 0.14890405535697937 0.08072896301746368 0.2254011332988739
0 0.49270254373550415 0.14700347185134888 0.08157345652580261 0.29400694370269775
0 0.015295249409973621 0.13472530245780945 0.030446041375398636 0.26918771862983704
0 0.9423295855522156 0.9628250002861023 0.05221595615148544 0.07299855351448059
0 0.33544057607650757 0.15366218984127045 0.0625431090593338 0.3047402799129486
0 0.1016210988163948 0.27488917112350464 0.08379025757312775 0.29612264037132263
