0 0.6085965037345886 0.9112241864204407 0.06055653840303421 0.17734451591968536
0 0.8508268594741821 0.9688961505889893 0.04927100986242294 0.060713618993759155
0 0.43638139963150024 0.6054943203926086 0.05344266816973686 0.1583658903837204
0 0.5192798376083374 0.4801926910877228 0.04660606384277344 0.16250203549861908
0 0.45301705598831177 0.9534686803817749 0.033150576055049896 0.09078216552734375
0 0.6205385327339172 0.4761832356452942 0.04328804090619087 0.14939232170581818
0 0.9420629739761353 0.9509169459342957 0.04809913784265518 0.09725257009267807
0 0.8957496881484985 0.710058331489563 0.05708713456988335 0.1596691906452179
0 0.4500252306461334 0.5155726671218872 0.04762906953692436 0.11296463012695312
0 0.919045627117157 0.3328401744365692 0.03934764862060547 0.1556251496076584
0 0.4743315577507019 0.9781746864318848 0.039009857922792435 0.042519718408584595
0 0.6216142773628235 0.7011886835098267 0.04471473768353462 0.127055361866951
0 0.678409218788147 0.3711523711681366 0.046268463134765625 0.13602229952812195
