0 0.15019811689853668 0.8472310304641724 0.13885530829429626 0.3042154908180237
0 0.7336949110031128 0.7953723669052124 0.14696350693702698 0.40824049711227417
0 0.8684635162353516 0.5656083822250366 0.11356067657470703 0.3506803810596466
0 0.8912455439567566 0.20245185494422913 0.11706199496984482 0.35981881618499756
0 0.6226522922515869 0.5541905760765076 0.1154748946428299 0.3580176830291748
0 0.4815187454223633 0.6169601082801819 0.1202121451497078 0.3858109414577484
0 0.038066744804382324 0.7926943302154541 0.07613348960876465 0.4079269468784332
0 0.11214733123779297 0.37853261828422546 0.09651846438646317 0.31100431084632874
0 0.30857259035110474 0.6346483826637268 0.10532272607088089 0.3407994210720062
0 0.967941164970398 0.13593953847885132 0.06371136009693146 0.27187907695770264
0 0.21026675403118134 0.585708737373352 0.09311781078577042 0.3497352600097656
0 0.740343451499939 0.11653845012187958 0.11585140228271484 0.23307690024375916
0 0.3996860384941101 0.7414706945419312 0.11089210212230682 0.36757147312164307
0 0.03957872465252876 0.25504812598228455 0.0791490226984024 0.2802760899066925
0 0.10597588121891022 0.6930762529373169 0.12840630114078522 0.3565855324268341
0 0.5321136713027954 0.4377575218677521 0.11064840853214264 0.35182565450668335
0 0.73887038230896 0.3605833351612091 0.09112580865621567 0.28416556119918823
0 0.8009846806526184 0.33376622200012207 0.08102016150951385 0.33338463306427
0 0.7163757681846619 0.5689492225646973 0.0813220962882042 0.22448743879795074
0 0.4508891999721527 0.08839590102434158 0.08636675029993057 0.17679180204868317
0 0.633066713809967 0.15301214158535004 0.07532672584056854 0.30555716156959534
