0 0.04516220837831497 0.8291545510292053 0.09032441675662994 0.3416426479816437
0 0.9145591855049133 0.7598076462745667 0.1441059112548828 0.36976873874664307
0 0.7478345036506653 0.6950622797012329 0.1539773941040039 0.38183340430259705
0 0.3841485381126404 0.7167139649391174 0.15954360365867615 0.3460144102573395
0 0.24219676852226257 0.8299350142478943 0.10655355453491211 0.33727869391441345
0 0.6014451384544373 0.5563718676567078 0.10747623443603516 0.3919393718242645
0 0.12991926074028015 0.6705845594406128 0.11776852607727051 0.36676710844039917
0 0.1763218194246292 0.9225715398788452 0.15196700394153595 0.1538996398448944
0 0.04571322351694107 0.2678329646587372 0.09142644703388214 0.31935936212539673
0 0.4051390588283539 0.4887000322341919 0.10863056033849716 0.3452335298061371
0 0.3777041733264923 0.18258079886436462 0.07067012786865234 0.3075169026851654
0 0.1840634047985077 0.10456711798906326 0.0639275386929512 0.20913423597812653
0 0.7809187769889832 0.09689627587795258 0.1009892150759697 0.1936453878879547
0 0.5288144946098328 0.5426639318466187 0.1008758544921875 0.5074959397315979
0 0.44236889481544495 0.25104820728302 0.08287324756383896 0.3317558169364929
0 0.20395278930664062 0.48218876123428345 0.08636283874511719 0.32700005173683167
0 0.1315186619758606 0.26300129294395447 0.09818960726261139 0.3181820511817932
0 0.6925265789031982 0.4868667721748352 0.07929636538028717 0.309576153755188
0 0.7944362759590149 0.38281571865081787 0.10291169583797455 0.22669436037540436
0 0.7540231943130493 0.34014031291007996 0.08773155510425568 0.2734517455101013
0 0.2664650082588196 0.6043254137039185 0.12041404843330383 0.33872556686401367
0 0.6568189859390259 0.1407604217529297 0.07353248447179794 0.28081372380256653
