0 0.4301052987575531 0.9209126830101013 0.07433175295591354 0.06452655792236328
0 0.19908452033996582 0.8587160110473633 0.052928585559129715 0.0600711815059185
0 0.13298514485359192 0.8617948293685913 0.05656149238348007 0.06809310615062714
0 0.6742467284202576 0.9557945132255554 0.05815870314836502 0.061588287353515625
0 0.16759276390075684 0.23493655025959015 0.03368500620126724 0.0453982837498188
0 0.597871720790863 0.19452346861362457 0.02812940813601017 0.03325162082910538
0 0.529798150062561 0.4035974442958832 0.04059629142284393 0.03734397888183594
0 0.3480340242385864 0.3818640410900116 0.02923380583524704 0.04438947141170502
0 0.5701420903205872 0.43776530027389526 0.03280537948012352 0.046184539794921875
0 0.13018906116485596 0.34919536113739014 0.03176121041178703 0.04214220121502876
0 0.3170843720436096 0.22105102241039276 0.0323515422642231 0.03975553438067436
0 0.5735294818878174 0.8843778371810913 0.04900738596916199 0.04995574802160263
0 0.5304701924324036 0.8925811648368835 0.04135504737496376 0.04696769639849663
0 0.8041236996650696 0.9395646452903748 0.05245988816022873 0.05681324005126953
0 0.8574869632720947 0.947113037109375 0.04647928848862648 0.05233611911535263
0 0.2346675843000412 0.4453899562358856 0.033549074083566666 0.04347705841064453
0 0.6346544027328491 0.3941228687763214 0.02815619483590126 0.03973662108182907
