0 0.36859002709388733 0.8583908081054688 0.03916654735803604 0.10448252409696579
0 0.49523743987083435 0.814723014831543 0.027452850714325905 0.12476043403148651
0 0.7053136229515076 0.576039731502533 0.027873484417796135 0.09221076965332031
0 0.2838607728481293 0.8295506834983826 0.04024849086999893 0.13390909135341644
0 0.5675208568572998 0.8203426599502563 0.03318061679601669 0.11250924319028854
0 0.41125208139419556 0.8502177000045776 0.03262732923030853 0.10036315768957138
0 0.46604785323143005 0.8115898370742798 0.02746429480612278 0.08375142514705658
0 0.7569225430488586 0.6478539109230042 0.02179699018597603 0.06721331179141998
0 0.4938395619392395 0.6503074765205383 0.019929122179746628 0.07773259282112122
0 0.6981891393661499 0.7012568712234497 0.030897077172994614 0.10871323198080063
0 0.6635915040969849 0.7024306654930115 0.03230304643511772 0.12693540751934052
0 0.11327629536390305 0.8180476427078247 0.030481481924653053 0.09731750190258026
