0 0.8521307706832886 0.8808842897415161 0.1402507722377777 0.23694992065429688
0 0.5695966482162476 0.8018633723258972 0.13869476318359375 0.39288583397865295
0 0.45177868008613586 0.7723845839500427 0.10699300467967987 0.3430121839046478
0 0.6821413636207581 0.8435418009757996 0.12085189670324326 0.3120057284832001
0 0.20663581788539886 0.8340048789978027 0.10480213165283203 0.33035770058631897
0 0.4558277130126953 0.5129167437553406 0.10484752804040909 0.3383099138736725
0 0.3458403944969177 0.554109513759613 0.17639192938804626 0.4613896310329437
0 0.16062606871128082 0.47943615913391113 0.09914259612560272 0.37611275911331177
0 0.461992084980011 0.27407294511795044 0.12925490736961365 0.24991601705551147
0 0.7498587369918823 0.20472806692123413 0.08853435516357422 0.2752814292907715
0 0.7305116057395935 0.4732033908367157 0.10006122291088104 0.34282734990119934
0 0.1013791561126709 0.726132869720459 0.119187131524086 0.3978680968284607
0 0.8337413668632507 0.6401036381721497 0.10809484869241714 0.3437560498714447
0 0.5678208470344543 0.10545782744884491 0.08706264197826385 0.21091565489768982
0 0.9167786836624146 0.5217403173446655 0.10537967830896378 0.3827659487724304
0 0.8382238149642944 0.23582082986831665 0.09271278232336044 0.27016469836235046
0 0.6527619957923889 0.7181540727615356 0.11234989017248154 0.3402351438999176
0 0.9135696291923523 0.8145214319229126 0.12129364162683487 0.3709571957588196
0 0.6736230254173279 0.11066729575395584 0.07530205696821213 0.2205243855714798
0 0.23107559978961945 0.5084792375564575 0.1149926632642746 0.3639834225177765
0 0.7795515060424805 0.5499392747879028 0.09649085998535156 0.35864296555519104
0 0.8817792534828186 0.8136478662490845 0.18208980560302734 0.3671308755874634
0 0.8668462634086609 0.34535717964172363 0.09878845512866974 0.30165576934814453
0 0.36685416102409363 0.10786214470863342 0.0639975517988205 0.1943616420030594
0 0.9821094274520874 0.8827560544013977 0.035257913172245026 0.23448792099952698
0 0.03558783978223801 0.563570499420166 0.06838158518075943 0.26237398386001587
0 0.8869822025299072 0.1260669231414795 0.07072830200195312 0.24100464582443237
0 0.48729363083839417 0.02105206996202469 0.030213166028261185 0.0416996069252491
0 0.039389267563819885 0.29844802618026733 0.07862172275781631 0.3017485439777374
0 0.36804232001304626 0.3283955156803131 0.08975410461425781 0.25784924626350403
