0 0.7537482976913452 0.08425669372081757 0.059088706970214844 0.12342827767133713
0 0.08101092278957367 0.14726747572422028 0.07590947300195694 0.2174493968486786
0 0.47654029726982117 0.10159189254045486 0.04103527218103409 0.1265968680381775
0 0.14668890833854675 0.41762682795524597 0.09689833968877792 0.24230168759822845
0 0.09477534890174866 0.42718106508255005 0.11607324331998825 0.23024864494800568
0 0.44073858857154846 0.08964205533266068 0.03638191148638725 0.11283370107412338
0 0.6109363436698914 0.14062845706939697 0.03440570831298828 0.11062390357255936
0 0.30429068207740784 0.17616680264472961 0.05605964735150337 0.056341011077165604
0 0.22961477935314178 0.12265446782112122 0.036307238042354584 0.09689433127641678
0 0.37012967467308044 0.16948865354061127 0.02810840681195259 0.05283927917480469
0 0.2817641496658325 0.1172635480761528 0.031262874603271484 0.0722898319363594
