0 0.2398492991924286 0.20235008001327515 0.0361449234187603 0.13673493266105652
0 0.16299040615558624 0.14706560969352722 0.032183028757572174 0.14953893423080444
0 0.2408563643693924 0.5623375177383423 0.0523502342402935 0.2080073058605194
0 0.06848400086164474 0.4036399722099304 0.05600600317120552 0.13914258778095245
0 0.291738897562027 0.5742683410644531 0.06089657172560692 0.20609186589717865
0 0.2810864746570587 0.22815530002117157 0.04355158656835556 0.1491502821445465
0 0.15339621901512146 0.48658066987991333 0.05676786229014397 0.2611100375652313
0 0.3302796185016632 0.2555750012397766 0.029859542846679688 0.1289552003145218
0 0.5915643572807312 0.6569985747337341 0.03991889953613281 0.0948788970708847
0 0.9304805994033813 0.7317129969596863 0.04058799892663956 0.1287616342306137
0 0.3991653323173523 0.5839406847953796 0.04289646074175835 0.20381826162338257
0 0.34278449416160583 0.5984510779380798 0.049947164952754974 0.16612917184829712
0 0.9125988483428955 0.5112585425376892 0.03267822414636612 0.10172691196203232
0 0.0070830900222063065 0.51759934425354 0.014124836772680283 0.08903999626636505
