0 0.7262161374092102 0.8448560833930969 0.030969958752393723 0.12949590384960175
0 0.7938435673713684 0.8141598105430603 0.024530453607439995 0.12248637527227402
0 0.8389990925788879 0.8242846727371216 0.026517316699028015 0.10506658256053925
0 0.9549325704574585 0.7220292687416077 0.02307400107383728 0.09860961884260178
0 0.8593512773513794 0.6644156575202942 0.022989654913544655 0.09806812554597855
0 0.768735408782959 0.44688698649406433 0.021965282037854195 0.0961594507098198
0 0.8200790286064148 0.6254578828811646 0.02201826311647892 0.09421645104885101
0 0.9106836318969727 0.8989142775535583 0.02812516875565052 0.09343303740024567
0 0.8862484693527222 0.7386956810951233 0.025091806426644325 0.1057576835155487
0 0.5134237408638 0.3245851993560791 0.030010435730218887 0.0962970107793808
