0 0.4082335829734802 0.8540875911712646 0.03733568266034126 0.10766855627298355
0 0.37058505415916443 0.9170210361480713 0.03606777265667915 0.10198643803596497
0 0.5123036503791809 0.7920286655426025 0.021367263048887253 0.09684524685144424
0 0.27640965580940247 0.8285980820655823 0.031094074249267578 0.10268113762140274
0 0.5473748445510864 0.8092551231384277 0.03108367882668972 0.10692112892866135
0 0.49407434463500977 0.6490075588226318 0.02002391777932644 0.0816090926527977
0 0.3857521116733551 0.7119341492652893 0.03669761121273041 0.10130789130926132
0 0.33258405327796936 0.7979000806808472 0.02933034859597683 0.0963677316904068
0 0.7069131135940552 0.5735192894935608 0.018739128485322 0.07604242861270905
0 0.7377979159355164 0.5770027041435242 0.024195926263928413 0.08313141018152237
0 0.6996101140975952 0.6899003982543945 0.02701568603515625 0.08418477326631546
0 0.6595481634140015 0.6984662413597107 0.02604045905172825 0.10633443295955658
