0 0.9034889340400696 0.6897719502449036 0.06818199157714844 0.206329345703125
0 0.44079500436782837 0.37827590107917786 0.033020686358213425 0.10789680480957031
0 0.5998530983924866 0.4691130220890045 0.041589099913835526 0.1507057249546051
0 0.6261117458343506 0.9448940753936768 0.05306720733642578 0.10920461267232895
0 0.5492839813232422 0.474626749753952 0.05620422214269638 0.17098578810691833
0 0.6267339587211609 0.7395226955413818 0.05092201381921768 0.08464236557483673
0 0.46868985891342163 0.34573033452033997 0.032652854919433594 0.10811740159988403
0 0.8011418581008911 0.5512787699699402 0.045351602137088776 0.1515091359615326
0 0.88604336977005 0.5521816611289978 0.03170814365148544 0.14189021289348602
0 0.9555456042289734 0.7450096011161804 0.039181899279356 0.2008056640625
