0 0.16031457483768463 0.8212090134620667 0.14714504778385162 0.3530007302761078
0 0.33602026104927063 0.8087887167930603 0.1290486603975296 0.32928338646888733
0 0.7026730179786682 0.7412456274032593 0.14424896240234375 0.4053582549095154
0 0.13096456229686737 0.42200490832328796 0.12285356223583221 0.32942166924476624
0 0.8353683352470398 0.5675866603851318 0.12973423302173615 0.3742465674877167
0 0.8816505670547485 0.690187394618988 0.1437019407749176 0.34217479825019836
0 0.5720597505569458 0.7867291569709778 0.10861873626708984 0.3444254696369171
0 0.20897211134433746 0.29401353001594543 0.09655728191137314 0.3166373074054718
0 0.09742248803377151 0.605835497379303 0.09101330488920212 0.29300767183303833
0 0.4256336987018585 0.6081881523132324 0.08484672009944916 0.3559245765209198
0 0.0368477925658226 0.5552076101303101 0.07368247210979462 0.33859771490097046
0 0.9622842669487 0.35612618923187256 0.07496490329504013 0.3271682560443878
0 0.3074184060096741 0.2891086935997009 0.0892234817147255 0.362815260887146
0 0.9534561038017273 0.8604667782783508 0.09242210537195206 0.2770279049873352
0 0.07176116108894348 0.07697892189025879 0.08511665463447571 0.15395784378051758
0 0.918260931968689 0.8060905337333679 0.09254570305347443 0.33737456798553467
0 0.5229076147079468 0.6167092323303223 0.10414771735668182 0.3667973279953003
0 0.7510135769844055 0.40224888920783997 0.08914483338594437 0.28258973360061646
0 0.22176577150821686 0.10542035847902298 0.09367454797029495 0.21084071695804596
0 0.8253410458564758 0.2862390875816345 0.07627735286951065 0.34900185465812683
0 0.6276670098304749 0.6032394766807556 0.08961315453052521 0.33524754643440247
0 0.9334278106689453 0.04011642932891846 0.09361419826745987 0.08023285865783691
0 0.42937755584716797 0.18714985251426697 0.06900046765804291 0.27932581305503845
