0 0.6656134724617004 0.957733690738678 0.06257465481758118 0.0600854866206646
0 0.36328446865081787 0.8510960936546326 0.07083875685930252 0.06564197689294815
0 0.5292884707450867 0.4019581973552704 0.03671649098396301 0.03628826141357422
0 0.20565780997276306 0.23430147767066956 0.04041951522231102 0.04527115821838379
0 0.3469809591770172 0.37967732548713684 0.02692531980574131 0.04221181944012642
0 0.5260649919509888 0.8982137441635132 0.04499342292547226 0.05224495008587837
0 0.8028724789619446 0.9352289438247681 0.05414513498544693 0.059368133544921875
0 0.15099026262760162 0.7972555160522461 0.0578274205327034 0.04806938022375107
0 0.8576424717903137 0.9440689086914062 0.04800957441329956 0.05401039123535156
0 0.5764858722686768 0.8942722082138062 0.06834479421377182 0.059308625757694244
0 0.48115697503089905 0.447012722492218 0.03798709437251091 0.04205341264605522
