0 0.30479592084884644 0.8930985331535339 0.1578238308429718 0.212452694773674
0 0.7106142640113831 0.8690526485443115 0.15680447220802307 0.2599591612815857
0 0.5323431491851807 0.8190721273422241 0.09971310198307037 0.3600403666496277
0 0.07271865755319595 0.5834707617759705 0.09969326853752136 0.3866371214389801
0 0.6684675812721252 0.7926310300827026 0.13010235130786896 0.38805410265922546
0 0.3085906207561493 0.15577968955039978 0.08908019214868546 0.31155937910079956
0 0.874714732170105 0.40612220764160156 0.08647270500659943 0.31906789541244507
0 0.4234752058982849 0.656514048576355 0.1114654541015625 0.34967684745788574
0 0.34896233677864075 0.7610587477684021 0.1328597068786621 0.3420051634311676
0 0.5574352145195007 0.4563297629356384 0.09624077379703522 0.33751219511032104
0 0.15336057543754578 0.6106496453285217 0.1241823211312294 0.36445921659469604
0 0.052230242639780045 0.40987706184387207 0.09231273829936981 0.2100849747657776
0 0.27475935220718384 0.5626447200775146 0.08664596825838089 0.4401817321777344
0 0.11061002314090729 0.1642933487892151 0.07408389449119568 0.2884535491466522
0 0.6073885560035706 0.669238269329071 0.08190333098173141 0.3328167796134949
0 0.9798870086669922 0.46379783749580383 0.03971271589398384 0.3015727996826172
0 0.4875872731208801 0.3717382550239563 0.09223766624927521 0.3039385974407196
0 0.022508198395371437 0.3213687539100647 0.04493642970919609 0.33727729320526123
0 0.7922803163528442 0.3073599636554718 0.09212430566549301 0.3049764037132263
0 0.1818564385175705 0.40216749906539917 0.10448736697435379 0.29477643966674805
0 0.37367674708366394 0.40533173084259033 0.08714853972196579 0.30974164605140686
0 0.6670754551887512 0.26269763708114624 0.07891000062227249 0.26155751943588257
