0 0.8758912682533264 0.7173643708229065 0.02423061802983284 0.09883948415517807
0 0.9719063639640808 0.9247928261756897 0.02687123604118824 0.1128070205450058
0 0.909449577331543 0.8050012588500977 0.025915103033185005 0.10772274434566498
0 0.7418365478515625 0.43417805433273315 0.02291225828230381 0.0917506068944931
0 0.7242404222488403 0.3390131890773773 0.02110171876847744 0.08350764960050583
0 0.5753142237663269 0.332408607006073 0.020507048815488815 0.08120884001255035
0 0.8480901122093201 0.5018258094787598 0.024319203570485115 0.0888778418302536
0 0.6226057410240173 0.9600270986557007 0.04648492485284805 0.07863549143075943
0 0.8038444519042969 0.41290736198425293 0.0180494524538517 0.0812441036105156
0 0.6736604571342468 0.40774405002593994 0.022139528766274452 0.08174344897270203
0 0.9265708923339844 0.4338952302932739 0.01646219938993454 0.08529055118560791
0 0.9579637050628662 0.4280777871608734 0.01937442272901535 0.09506584703922272
