0 0.09049814194440842 0.7086237668991089 0.05398271232843399 0.17714916169643402
0 0.5808157324790955 0.8329469561576843 0.06757660210132599 0.19975866377353668
0 0.5792859196662903 0.4533117413520813 0.030724525451660156 0.12234102934598923
0 0.8244478702545166 0.8905225992202759 0.06384620815515518 0.20522181689739227
0 0.7099277377128601 0.5946633815765381 0.03896217420697212 0.1619800627231598
0 0.5327126383781433 0.4458627998828888 0.03117694891989231 0.11999978125095367
0 0.7240006923675537 0.9291741847991943 0.06054973602294922 0.1407560557126999
0 0.7727504968643188 0.9290459752082825 0.05369396135210991 0.1419081836938858
0 0.5820675492286682 0.673430860042572 0.06330884248018265 0.1469840556383133
0 0.6390022039413452 0.6499096155166626 0.04366340488195419 0.15805993974208832
0 0.6066857576370239 0.9254813194274902 0.0690450668334961 0.14441554248332977
0 0.8661825656890869 0.7726572751998901 0.03836097568273544 0.14653417468070984
0 0.20724891126155853 0.7037297487258911 0.0525209903717041 0.16734975576400757
0 0.847389817237854 0.9456759095191956 0.07178688049316406 0.10785624384880066
0 0.6165511012077332 0.9279757142066956 0.051572225987911224 0.142832949757576
