0 0.027962476015090942 0.9129602909088135 0.05577956512570381 0.1740792989730835
0 0.7168620824813843 0.7213283777236938 0.046975646167993546 0.17507031559944153
0 0.7710398435592651 0.8085496425628662 0.05084266513586044 0.19265009462833405
0 0.12306638062000275 0.9207004308700562 0.08498360961675644 0.15557599067687988
0 0.5911016464233398 0.8796892762184143 0.04888267442584038 0.19098562002182007
0 0.8871898651123047 0.9628266096115112 0.0696491226553917 0.07331983745098114
0 0.5408076643943787 0.7276227474212646 0.04634644091129303 0.17736917734146118
0 0.03592069447040558 0.5900172591209412 0.03851589187979698 0.1550924926996231
0 0.8701645135879517 0.9109439253807068 0.05959968641400337 0.1681373566389084
0 0.21937362849712372 0.5147614479064941 0.03809814527630806 0.14640413224697113
0 0.6208814978599548 0.40181660652160645 0.026375960558652878 0.10944084823131561
0 0.7759386897087097 0.3713504672050476 0.025896454229950905 0.1064230352640152
0 0.5956602692604065 0.3933345079421997 0.02643451653420925 0.10607712715864182
0 0.10944855213165283 0.7648383975028992 0.06319756805896759 0.17517416179180145
0 0.6252402067184448 0.7336724400520325 0.05605506896972656 0.18668340146541595
0 0.07215037196874619 0.6633675694465637 0.05568978562951088 0.15004056692123413
0 0.44824743270874023 0.4989859163761139 0.037996865808963776 0.13186849653720856
0 0.23834843933582306 0.740325927734375 0.0392608642578125 0.163210928440094
0 0.15717098116874695 0.6648346185684204 0.05281810089945793 0.1631380319595337
0 0.8730179667472839 0.767806351184845 0.032534409314394 0.14163538813591003
0 0.6917632818222046 0.4363561272621155 0.0358949676156044 0.11646262556314468
0 0.39321067929267883 0.47489961981773376 0.040172480046749115 0.1502051055431366
