0 0.49245670437812805 0.7305178046226501 0.18961979448795319 0.3740740120410919
0 0.7055284976959229 0.7254985570907593 0.12520936131477356 0.4303012788295746
0 0.03183632716536522 0.4240531921386719 0.06367183476686478 0.29645437002182007
0 0.8148370981216431 0.17100438475608826 0.13023757934570312 0.3420087695121765
0 0.034955911338329315 0.10612305253744125 0.06671691685914993 0.21191070973873138
0 0.1523492932319641 0.7355624437332153 0.13099029660224915 0.38546741008758545
0 0.797906756401062 0.656950056552887 0.11498832702636719 0.3961283266544342
0 0.8995744585990906 0.1478758454322815 0.08638763427734375 0.295751690864563
0 0.4072994887828827 0.6277333498001099 0.11277564615011215 0.37956902384757996
0 0.9658116102218628 0.16224290430545807 0.06798477470874786 0.30779165029525757
0 0.0714556872844696 0.8186818361282349 0.1426200568675995 0.35668131709098816
0 0.17974717915058136 0.3518151342868805 0.09036824107170105 0.2714651823043823
0 0.5605605840682983 0.5253595113754272 0.10297562181949615 0.31660670042037964
0 0.7355901002883911 0.34612613916397095 0.08695850521326065 0.3342292010784149
0 0.5835259556770325 0.2220606505870819 0.07839183509349823 0.2914021909236908
0 0.8415669798851013 0.5147751569747925 0.058548927307128906 0.334737092256546
0 0.2556765079498291 0.6286478042602539 0.0982275977730751 0.36515870690345764
0 0.7490885257720947 0.04815767705440521 0.06149431690573692 0.09631535410881042
0 0.2785084843635559 0.1864931881427765 0.06287849694490433 0.3023882210254669
0 0.6369457840919495 0.45465728640556335 0.06630134582519531 0.26941266655921936
0 0.4810384213924408 0.428879976272583 0.08654451370239258 0.3113614320755005
0 0.6824153661727905 0.4498358368873596 0.06322421878576279 0.23198328912258148
0 0.2657528817653656 0.5366862416267395 0.10112380981445312 0.5605215430259705
0 0.9776114225387573 0.6639639139175415 0.04432201385498047 0.25148022174835205
0 0.33600589632987976 0.5320129990577698 0.10795936733484268 0.34561169147491455
0 0.3342911899089813 0.11609528958797455 0.08447596430778503 0.21036715805530548
