0 0.11542965471744537 0.9230877161026001 0.06399773806333542 0.15260085463523865
0 0.0753827765583992 0.6663713455200195 0.041342318058013916 0.14917458593845367
0 0.3789335787296295 0.8473442196846008 0.07184171676635742 0.21034088730812073
0 0.6695921421051025 0.9252249598503113 0.06204967573285103 0.14955003559589386
0 0.014860523864626884 0.7681993246078491 0.02972104772925377 0.1679278016090393
0 0.6908204555511475 0.6002117395401001 0.03331699222326279 0.12456843256950378
0 0.32850226759910583 0.7740541100502014 0.044928647577762604 0.16862255334854126
0 0.26478108763694763 0.9209996461868286 0.06780251115560532 0.15715272724628448
0 0.9368699789047241 0.7920640110969543 0.12361373752355576 0.2691105604171753
0 0.4595780372619629 0.8246144652366638 0.07370300590991974 0.18912310898303986
0 0.44002237915992737 0.7226204872131348 0.03411064296960831 0.14166845381259918
0 0.3184821307659149 0.966826856136322 0.04177207872271538 0.06488367915153503
0 0.5064603686332703 0.7953813076019287 0.05857216566801071 0.17957289516925812
0 0.5259106159210205 0.7125868797302246 0.043521467596292496 0.13955345749855042
0 0.6293960809707642 0.586688220500946 0.03141345828771591 0.1227923110127449
0 0.9640470743179321 0.9235990643501282 0.0714649185538292 0.15280193090438843
