0 0.12726955115795135 0.8331723809242249 0.12354059517383575 0.3197067379951477
0 0.03639281541109085 0.8406385779380798 0.07277973741292953 0.3174857199192047
0 0.9799479246139526 0.7392460107803345 0.03956623002886772 0.35777944326400757
0 0.63966304063797 0.8515540957450867 0.13944415748119354 0.2964552044868469
0 0.2967950403690338 0.8443390130996704 0.1147061362862587 0.3089858889579773
0 0.7203494906425476 0.8332691788673401 0.07834377139806747 0.3201063275337219
0 0.8121901750564575 0.7948510050773621 0.06688518822193146 0.4047207832336426
0 0.23780183494091034 0.8496148586273193 0.08210297673940659 0.29586708545684814
0 0.9155891537666321 0.7389423847198486 0.05998267978429794 0.3679960370063782
0 0.764244556427002 0.7447656393051147 0.0653165802359581 0.2983122169971466
0 0.387752890586853 0.8867318630218506 0.10654683411121368 0.22460921108722687
0 0.8740035891532898 0.7668159604072571 0.06510162353515625 0.3467397093772888
0 0.3173691928386688 0.7032942771911621 0.05664849281311035 0.21105635166168213
0 0.1935732066631317 0.803767740726471 0.06496433913707733 0.33925575017929077
0 0.48715052008628845 0.8510628342628479 0.07939644157886505 0.2804526388645172
0 0.42050105333328247 0.781891405582428 0.07221269607543945 0.30322539806365967
0 0.19367735087871552 0.7363765239715576 0.06164078786969185 0.20087195932865143
