0 0.13920184969902039 0.864483118057251 0.11862725764513016 0.27018967270851135
0 0.24200643599033356 0.8107556700706482 0.14484265446662903 0.3563559949398041
0 0.5716168880462646 0.521827757358551 0.11825428158044815 0.34891578555107117
0 0.564954400062561 0.8960227966308594 0.11990928649902344 0.20714925229549408
0 0.903276264667511 0.7724454998970032 0.13809815049171448 0.34773263335227966
0 0.5001499652862549 0.7403308153152466 0.1070762351155281 0.38061976432800293
0 0.6104867458343506 0.8257802128791809 0.14614276587963104 0.3471928834915161
0 0.8477391600608826 0.6704369187355042 0.12415853887796402 0.37832802534103394
0 0.08745861798524857 0.5430521965026855 0.1011672168970108 0.33449581265449524
0 0.37395966053009033 0.5000708699226379 0.08855114132165909 0.35557064414024353
0 0.7239282131195068 0.5924021601676941 0.10493259131908417 0.38441285490989685
0 0.22216062247753143 0.10158462822437286 0.09739971160888672 0.20316925644874573
0 0.18496420979499817 0.5896130800247192 0.07770667225122452 0.24419830739498138
0 0.022007497027516365 0.5515294671058655 0.04393064230680466 0.30593618750572205
0 0.9335605502128601 0.5210689306259155 0.13123473525047302 0.32813453674316406
0 0.26900291442871094 0.6861237287521362 0.11907847970724106 0.3551177680492401
0 0.5514892339706421 0.22995953261852264 0.0859447494149208 0.30853569507598877
0 0.4460345208644867 0.3239925503730774 0.08544407039880753 0.35082125663757324
0 0.9794307947158813 0.14274771511554718 0.04062213748693466 0.280894935131073
0 0.8095893859863281 0.3169354200363159 0.1143128052353859 0.3130979835987091
0 0.8004730343818665 0.11476872861385345 0.0909692794084549 0.2292138785123825
0 0.7289862036705017 0.16109466552734375 0.06669235229492188 0.30499255657196045
0 0.24447856843471527 0.49499502778053284 0.10251007229089737 0.16507640480995178
0 0.6685958504676819 0.6448513269424438 0.10615158081054688 0.39257076382637024
0 0.30693766474723816 0.07778062671422958 0.09154824912548065 0.15545248985290527
0 0.2808588147163391 0.26887571811676025 0.07960975915193558 0.34398922324180603
0 0.45415905117988586 0.14834477007389069 0.10039816051721573 0.29668954014778137
0 0.2296198010444641 0.399070143699646 0.11798728257417679 0.17220279574394226
