0 0.11072202026844025 0.47015380859375 0.06114225462079048 0.26340025663375854
0 0.27100783586502075 0.2298172414302826 0.03578899800777435 0.12211586534976959
0 0.7976646423339844 0.5724955201148987 0.04424629360437393 0.13175201416015625
0 0.9783405065536499 0.5620415806770325 0.04182319715619087 0.11987355351448059
0 0.9056993126869202 0.37466785311698914 0.01840801164507866 0.07420843094587326
0 0.2978611886501312 0.23496216535568237 0.030968476086854935 0.13462504744529724
0 0.39862290024757385 0.6184676885604858 0.049729444086551666 0.18806004524230957
0 0.766223132610321 0.4181179404258728 0.02608254738152027 0.08192837983369827
0 0.5898305177688599 0.6539185643196106 0.039365705102682114 0.101099394261837
0 0.4839468002319336 0.6099147200584412 0.07268734276294708 0.12895189225673676
0 0.30925196409225464 0.5399020314216614 0.044448185712099075 0.095159150660038
0 0.7330750823020935 0.4375995993614197 0.03013172186911106 0.10920397192239761
0 0.4830048680305481 0.6416934728622437 0.0717763900756836 0.19731470942497253
0 0.39839422702789307 0.5779823064804077 0.04869518429040909 0.1044355183839798
0 0.31599894165992737 0.5896371006965637 0.06092853471636772 0.1992824524641037
