0 0.7451257705688477 0.8975159525871277 0.06188507005572319 0.20496809482574463
0 0.031877197325229645 0.8480237126350403 0.06302846223115921 0.21145731210708618
0 0.6270307898521423 0.7945424318313599 0.051446788012981415 0.17875340580940247
0 0.8027895092964172 0.8630349040031433 0.05762786790728569 0.20954886078834534
0 0.7079669833183289 0.6725703477859497 0.05108242109417915 0.16783180832862854
0 0.13753725588321686 0.8339728713035583 0.07885169982910156 0.14181748032569885
0 0.8649851083755493 0.7870190739631653 0.04106445237994194 0.1653703898191452
0 0.21688692271709442 0.7287631630897522 0.04219942167401314 0.16987097263336182
0 0.6477113962173462 0.42562323808670044 0.03532104566693306 0.10954716801643372
0 0.5367496013641357 0.798297643661499 0.053396765142679214 0.1846257597208023
0 0.5685574412345886 0.41166749596595764 0.029589971527457237 0.10625991970300674
0 0.5840273499488831 0.6476739048957825 0.040549468249082565 0.167899027466774
0 0.6833810210227966 0.44625523686408997 0.028809929266572 0.11459553986787796
0 0.2217872589826584 0.5166545510292053 0.0377839095890522 0.1482311636209488
0 0.5099557638168335 0.96628737449646 0.05419441685080528 0.06636937707662582
0 0.028035104274749756 0.5890614986419678 0.04183560237288475 0.15188483893871307
0 0.1540427803993225 0.6868798136711121 0.06905381381511688 0.17423397302627563
0 0.776235818862915 0.39696961641311646 0.03220939636230469 0.10623849183320999
0 0.5058931112289429 0.47729313373565674 0.03696145862340927 0.11858092248439789
0 0.30539000034332275 0.6576204895973206 0.04060687869787216 0.14426778256893158
