0 0.45273253321647644 0.34289100766181946 0.02747354470193386 0.11998672783374786
0 0.17142421007156372 0.1558864265680313 0.042647648602724075 0.13932374119758606
0 0.32812950015068054 0.25938504934310913 0.03640460968017578 0.1309751570224762
0 0.9234234094619751 0.9482245445251465 0.0630924254655838 0.10274989157915115
0 0.23615846037864685 0.5584858655929565 0.06106213107705116 0.20463523268699646
0 0.34420713782310486 0.5826922059059143 0.0389983169734478 0.20412369072437286
0 0.9726616740226746 0.4697205424308777 0.026204299181699753 0.09178759157657623
0 0.8736141324043274 0.5860670208930969 0.03415107727050781 0.12472572177648544
0 0.01728532277047634 0.06659077107906342 0.03439987450838089 0.13318154215812683
0 0.41250595450401306 0.6076774597167969 0.043173979967832565 0.20153401792049408
