0 0.12936976552009583 0.11597438156604767 0.04548687860369682 0.1612224280834198
0 0.5427248477935791 0.6727607846260071 0.05550365522503853 0.17615479230880737
0 0.6640257239341736 0.6741852760314941 0.04840145260095596 0.15554754436016083
0 0.7950422763824463 0.6095216274261475 0.04218883439898491 0.12881991267204285
0 0.8676236867904663 0.47005563974380493 0.024195099249482155 0.10001131892204285
0 0.6436160802841187 0.3582777678966522 0.02207508124411106 0.07411625981330872
0 0.9332578778266907 0.5606803297996521 0.03992500156164169 0.09939613193273544
0 0.4559585452079773 0.21638238430023193 0.022888755425810814 0.08276401460170746
0 0.725412905216217 0.6214348077774048 0.04642658308148384 0.11773783713579178
0 0.6926610469818115 0.6248254179954529 0.028807703405618668 0.1120351180434227
0 0.9359337091445923 0.5506187677383423 0.03414344787597656 0.07426732033491135
