0 0.14442326128482819 0.8258819580078125 0.11752717196941376 0.3324713706970215
0 0.6065254211425781 0.8594645857810974 0.16220569610595703 0.27875179052352905
0 0.03825592249631882 0.8352494239807129 0.07644950598478317 0.3248758912086487
0 0.955286979675293 0.8071745038032532 0.08911285549402237 0.37856781482696533
0 0.754930853843689 0.8715906143188477 0.17044410109519958 0.2568188011646271
0 0.2460671365261078 0.843980073928833 0.08600683510303497 0.3027757406234741
0 0.48322829604148865 0.8421444296836853 0.09185151755809784 0.30921122431755066
0 0.8951188921928406 0.8120896220207214 0.07747745513916016 0.37582075595855713
0 0.3831647038459778 0.8834189772605896 0.0961756706237793 0.22908596694469452
0 0.7585503458976746 0.8107228875160217 0.15175780653953552 0.3777835965156555
0 0.818096935749054 0.8099397420883179 0.08480916172266006 0.3719174265861511
0 0.3085029721260071 0.8387890458106995 0.10234203189611435 0.3173675537109375
0 0.4220770001411438 0.7774308323860168 0.07013006508350372 0.29627567529678345
0 0.1976027488708496 0.7113486528396606 0.05517091602087021 0.18119876086711884
0 0.6573274731636047 0.8210443258285522 0.07474841922521591 0.2468883991241455
