0 0.525411069393158 0.42714187502861023 0.04295569658279419 0.08058824390172958
0 0.3912900388240814 0.8818725347518921 0.05699632316827774 0.05620155483484268
0 0.17531393468379974 0.8312896490097046 0.06462635099887848 0.056221771985292435
0 0.6658622622489929 0.9604612588882446 0.0592372752726078 0.06021995469927788
0 0.18708708882331848 0.23658223450183868 0.03695068508386612 0.046465396881103516
0 0.34677261114120483 0.3814774751663208 0.02940012700855732 0.045553937554359436
0 0.5988267660140991 0.18678155541419983 0.02572987787425518 0.03290595859289169
0 0.6312703490257263 0.39386501908302307 0.02738240547478199 0.039624691009521484
0 0.5234927535057068 0.8982356786727905 0.04209814965724945 0.05216560512781143
0 0.09927313029766083 0.827355682849884 0.06346718966960907 0.056258074939250946
0 0.710831344127655 0.8151676058769226 0.0473090261220932 0.06500587612390518
0 0.7155948281288147 0.8768736124038696 0.06759151816368103 0.0597076416015625
