0 0.3853800594806671 0.6231318712234497 0.14823922514915466 0.3756534457206726
0 0.9362959265708923 0.6081262230873108 0.1268651932477951 0.3705359995365143
0 0.5466738343238831 0.7323447465896606 0.09627339243888855 0.40152913331985474
0 0.6897286176681519 0.6458491683006287 0.1284923553466797 0.3702651560306549
0 0.0805712565779686 0.5572560429573059 0.0987841933965683 0.32394278049468994
0 0.8233022093772888 0.6663268804550171 0.12763118743896484 0.39081594347953796
0 0.06103269383311272 0.8826404809951782 0.12175080180168152 0.23409898579120636
0 0.9576378464698792 0.19610805809497833 0.08422927558422089 0.31782519817352295
0 0.07656563818454742 0.10780263692140579 0.10081616789102554 0.214558944106102
0 0.19398273527622223 0.7362937331199646 0.13959717750549316 0.36243540048599243
0 0.0396740585565567 0.39144185185432434 0.0793481171131134 0.3146655261516571
0 0.2580755352973938 0.44476500153541565 0.11559446901082993 0.3576807677745819
0 0.851904034614563 0.1474056988954544 0.07340946048498154 0.2948113977909088
0 0.15494515001773834 0.9710084795951843 0.05486249178647995 0.056829072535037994
0 0.7714608311653137 0.1603185087442398 0.08574046939611435 0.3206370174884796
0 0.05159921571612358 0.7283640503883362 0.10283990204334259 0.23349681496620178
0 0.5802861452102661 0.5209634304046631 0.08020190894603729 0.3238110840320587
0 0.9187919497489929 0.1298152655363083 0.07370872795581818 0.2596305310726166
0 0.4636428952217102 0.44912469387054443 0.0969211608171463 0.35777199268341064
0 0.5483251214027405 0.16741794347763062 0.09335841983556747 0.3306475877761841
0 0.34391218423843384 0.11088922619819641 0.09814386069774628 0.18791024386882782
0 0.052883781492710114 0.802882730960846 0.10576756298542023 0.38673287630081177
0 0.8029893040657043 0.5181034803390503 0.08966656029224396 0.378796249628067
