0 0.7674524188041687 0.812300443649292 0.11917686462402344 0.3753991723060608
0 0.03797854855656624 0.8321132063865662 0.07590736448764801 0.32743173837661743
0 0.9428691864013672 0.8171917200088501 0.1132606491446495 0.35789844393730164
0 0.6501208543777466 0.8464854955673218 0.15116767585277557 0.303861141204834
0 0.8434125781059265 0.8171207904815674 0.09118080139160156 0.36492952704429626
0 0.14025399088859558 0.8264284729957581 0.12003765255212784 0.337005615234375
0 0.5776654481887817 0.8413264155387878 0.11253585666418076 0.3147555887699127
0 0.2993474006652832 0.8419535160064697 0.11298322677612305 0.3132114112377167
0 0.48125141859054565 0.846083402633667 0.08382530510425568 0.3022647500038147
0 0.3986801505088806 0.8839293718338013 0.1253647804260254 0.22743462026119232
0 0.24596086144447327 0.8453385829925537 0.08566703647375107 0.304360955953598
0 0.42207080125808716 0.7775453329086304 0.07207336276769638 0.2898259460926056
0 0.8618837594985962 0.6627910137176514 0.05333976820111275 0.16818593442440033
0 0.19775064289569855 0.7163146138191223 0.060839034616947174 0.1894705891609192
