0 0.46353501081466675 0.8060089945793152 0.02304840087890625 0.08911149948835373
0 0.3831852078437805 0.8537087440490723 0.028003979474306107 0.1024692952632904
0 0.34034883975982666 0.8512688279151917 0.03250185772776604 0.1100260391831398
0 0.7051193118095398 0.5763827562332153 0.030019696801900864 0.0869290679693222
0 0.41238874197006226 0.8467756509780884 0.029981231316924095 0.10494562983512878
0 0.7026535272598267 0.6722614169120789 0.021183013916015625 0.07255656272172928
0 0.4939683973789215 0.6491003632545471 0.018889045342803 0.07962901145219803
0 0.49702614545822144 0.8099943399429321 0.03314800187945366 0.10475870966911316
0 0.124481700360775 0.507382333278656 0.040093086659908295 0.12993621826171875
0 0.29504090547561646 0.7924734354019165 0.025918738916516304 0.09812198579311371
0 0.9523853063583374 0.6326839923858643 0.02947998046875 0.07989845424890518
0 0.5255909562110901 0.8253977298736572 0.03011891059577465 0.09773585200309753
