0 0.8491134643554688 0.6336820125579834 0.0233891811221838 0.09479715675115585
0 0.7155349850654602 0.6255340576171875 0.022060394287109375 0.0960620865225792
0 0.7533135414123535 0.5834617018699646 0.02012006938457489 0.09845204651355743
0 0.968253493309021 0.5196218490600586 0.02121734619140625 0.10035289824008942
0 0.853628396987915 0.48679566383361816 0.022507477551698685 0.09617048501968384
0 0.7969130873680115 0.6669767498970032 0.02468736469745636 0.09604912996292114
0 0.8817689418792725 0.869874119758606 0.031667329370975494 0.11985703557729721
0 0.9577435255050659 0.8896440267562866 0.031563568860292435 0.11920777708292007
0 0.8682188391685486 0.25267571210861206 0.020055219531059265 0.08888473361730576
0 0.8473032712936401 0.7851805090904236 0.026958465576171875 0.09044775366783142
0 0.7119885683059692 0.4514082670211792 0.020203610882163048 0.08735309541225433
0 0.7720445394515991 0.4334796071052551 0.01926795020699501 0.09040545672178268
0 0.8690504431724548 0.47956976294517517 0.018743302673101425 0.10079801082611084
0 0.9165092706680298 0.7185073494911194 0.02485232800245285 0.09676700830459595
