0 0.3816150724887848 0.8323707580566406 0.10523948818445206 0.3340934216976166
0 0.900540292263031 0.8931676149368286 0.1094118133187294 0.212799072265625
0 0.3856818377971649 0.5431450605392456 0.12864987552165985 0.32296550273895264
0 0.28749144077301025 0.7024760842323303 0.11409281194210052 0.3465518653392792
0 0.7968416213989258 0.6241800785064697 0.11775054782629013 0.34993070363998413
0 0.6611334681510925 0.3833504617214203 0.10526790469884872 0.4052794277667999
0 0.055397018790245056 0.8272207379341125 0.10322670638561249 0.3164769113063812
0 0.6903793811798096 0.5611956119537354 0.12556737661361694 0.3453872799873352
0 0.8359394073486328 0.21407483518123627 0.12858429551124573 0.3093801736831665
0 0.07059437781572342 0.5775259137153625 0.14118875563144684 0.32020264863967896
0 0.5236638784408569 0.39902448654174805 0.09118353575468063 0.3488430380821228
0 0.23181705176830292 0.49605563282966614 0.09822443127632141 0.3730986714363098
0 0.33696040511131287 0.3033616542816162 0.08408308029174805 0.27574238181114197
0 0.7601261734962463 0.1564987152814865 0.08824042975902557 0.30606070160865784
0 0.29024600982666016 0.26062414050102234 0.05869830399751663 0.3056778609752655
0 0.440383642911911 0.3865927755832672 0.09333162009716034 0.29263922572135925
0 0.07327685505151749 0.44420626759529114 0.11849655956029892 0.31298109889030457
0 0.18695023655891418 0.2648894488811493 0.10114798694849014 0.33607831597328186
0 0.5649308562278748 0.0787649005651474 0.06502170860767365 0.1575298011302948
0 0.444667249917984 0.21122226119041443 0.06701278686523438 0.1780848652124405
0 0.404718279838562 0.15454186499118805 0.06941378861665726 0.27942007780075073
0 0.9816142916679382 0.9163639545440674 0.03625373914837837 0.16727210581302643
0 0.9512812495231628 0.37420621514320374 0.09597377479076385 0.32570111751556396
0 0.967123806476593 0.11001849919557571 0.0648273453116417 0.21954989433288574
