0 0.37648913264274597 0.8535841107368469 0.031864166259765625 0.0982309952378273
0 0.33208543062210083 0.8006003499031067 0.028925132006406784 0.09233169257640839
0 0.7046833634376526 0.576745867729187 0.027485528960824013 0.085332490503788
0 0.5162363648414612 0.7848084568977356 0.021622467786073685 0.09756113588809967
0 0.38234394788742065 0.7289485335350037 0.0330846793949604 0.11882574111223221
0 0.29943153262138367 0.8160347938537598 0.026897335425019264 0.1024678573012352
0 0.4141944944858551 0.8429292440414429 0.03178485110402107 0.09485448151826859
0 0.4925575852394104 0.6492277979850769 0.01885824277997017 0.07956364750862122
0 0.5755883455276489 0.8740170001983643 0.028223227709531784 0.12252714484930038
0 0.661749541759491 0.7031165361404419 0.03298931196331978 0.12515902519226074
0 0.6992653012275696 0.6987519860267639 0.027976926416158676 0.11022097617387772
0 0.4620268940925598 0.7084847092628479 0.030691146850585938 0.10467423498630524
