0 0.3714272677898407 0.8616083860397339 0.032544612884521484 0.10612843930721283
0 0.33876362442970276 0.8546195030212402 0.03149258345365524 0.10997628420591354
0 0.4953519105911255 0.8146149516105652 0.028503036126494408 0.12326151877641678
0 0.46545904874801636 0.8075864911079407 0.024509048089385033 0.08675969392061234
0 0.2965955138206482 0.8358917832374573 0.03420562669634819 0.10980885475873947
0 0.5642700791358948 0.8179158568382263 0.02723388746380806 0.10462332516908646
0 0.5234081149101257 0.6676587462425232 0.023321310058236122 0.08190790563821793
0 0.7064065337181091 0.6590816378593445 0.02248249016702175 0.09662093967199326
0 0.4928291440010071 0.6642416715621948 0.0261674877256155 0.09894485771656036
0 0.6696689128875732 0.6430298089981079 0.026663081720471382 0.09111226350069046
0 0.37161529064178467 0.722180187702179 0.03219505771994591 0.10292582958936691
