0 0.49288827180862427 0.8698523640632629 0.10095307230949402 0.25958600640296936
0 0.25971370935440063 0.8351549506187439 0.1308787316083908 0.32791668176651
0 0.9284974336624146 0.3481781482696533 0.14205265045166016 0.3443167507648468
0 0.6963707804679871 0.8788176774978638 0.14551696181297302 0.24236467480659485
0 0.3706819713115692 0.8573397994041443 0.12019691616296768 0.28444087505340576
0 0.6055450439453125 0.5736740231513977 0.1046789139509201 0.3263859748840332
0 0.7143217921257019 0.6473554968833923 0.14417190849781036 0.30654895305633545
0 0.5934165716171265 0.8412894606590271 0.115446537733078 0.31449127197265625
0 0.12073445320129395 0.13759666681289673 0.09850244224071503 0.27519333362579346
0 0.4132525622844696 0.6091712713241577 0.11418123543262482 0.34559935331344604
0 0.8060015439987183 0.3768693208694458 0.0715206116437912 0.33233389258384705
0 0.5601857304573059 0.49909454584121704 0.08104801177978516 0.35376447439193726
0 0.46692341566085815 0.3228316307067871 0.0995492935180664 0.33041054010391235
0 0.9697553515434265 0.5414589047431946 0.059993743896484375 0.34724628925323486
0 0.30021628737449646 0.43745291233062744 0.09924209862947464 0.3713715374469757
0 0.2796615958213806 0.6649443507194519 0.1191144809126854 0.21398799121379852
0 0.7522098422050476 0.3877107799053192 0.07695770263671875 0.33824074268341064
0 0.4288438856601715 0.5030936598777771 0.07322101294994354 0.33784759044647217
0 0.06393580883741379 0.5533398389816284 0.12275715172290802 0.4777122437953949
0 0.20074380934238434 0.5716021060943604 0.09900218993425369 0.31457269191741943
0 0.06219775602221489 0.4979340136051178 0.1090942993760109 0.3679806888103485
0 0.9586664438247681 0.1521284133195877 0.08248405158519745 0.2887791097164154
0 0.6697013974189758 0.24509726464748383 0.08575133979320526 0.2889255881309509
0 0.49437835812568665 0.10953092575073242 0.0822276771068573 0.21906185150146484
0 0.3871820569038391 0.3132987320423126 0.0814267173409462 0.22470131516456604
0 0.3544113337993622 0.14252685010433197 0.07351760566234589 0.28252658247947693
0 0.24778257310390472 0.13033446669578552 0.06598134338855743 0.26066893339157104
0 0.5732432007789612 0.2433805614709854 0.06819896399974823 0.16794803738594055
