0 0.36326733231544495 0.8150367736816406 0.038071729242801666 0.1695714294910431
0 0.5947245359420776 0.7765533328056335 0.05781726911664009 0.1580321043729782
0 0.09367450326681137 0.7426623702049255 0.05657656118273735 0.1955491006374359
0 0.11946069449186325 0.5497860312461853 0.03497390076518059 0.14104613661766052
0 0.3107345700263977 0.6542983055114746 0.03523053973913193 0.12789319455623627
0 0.8174604773521423 0.920095682144165 0.0817907303571701 0.15980860590934753
0 0.5889149904251099 0.6508153080940247 0.04236399382352829 0.12621918320655823
0 0.20113420486450195 0.5432826280593872 0.030549049377441406 0.12318602949380875
0 0.6426210403442383 0.6145336031913757 0.03296508640050888 0.11502125859260559
0 0.17379285395145416 0.5663726925849915 0.0339265838265419 0.11603330075740814
0 0.04873582348227501 0.540708601474762 0.03033152036368847 0.13576622307300568
0 0.9176017642021179 0.8795802593231201 0.06440506130456924 0.17217153310775757
0 0.23510386049747467 0.5920912623405457 0.032338667660951614 0.132518008351326
0 0.7080074548721313 0.8454429507255554 0.04391905292868614 0.14861856400966644
0 0.6758446097373962 0.9353591799736023 0.06406784057617188 0.12838786840438843
