0 0.3917692005634308 0.6178180575370789 0.05144265666604042 0.19138310849666595
0 0.46022921800613403 0.6417195796966553 0.04352226108312607 0.18125885725021362
0 0.3082447648048401 0.5046895146369934 0.04631204530596733 0.16695068776607513
0 0.7410058379173279 0.598518431186676 0.03611234202980995 0.12689551711082458
0 0.8403849005699158 0.5842971205711365 0.03730926662683487 0.09300854802131653
0 0.1939520537853241 0.16274459660053253 0.04512786865234375 0.1425447016954422
0 0.07051912695169449 0.45403799414634705 0.057202838361263275 0.27137020230293274
0 0.7702530026435852 0.5934255123138428 0.03209858015179634 0.10434188693761826
0 0.8270576596260071 0.3287704586982727 0.020093727856874466 0.06817230582237244
0 0.513565182685852 0.3841003477573395 0.044245339930057526 0.1087944433093071
0 0.5553955435752869 0.41779547929763794 0.03002166748046875 0.11065126955509186
0 0.06512086093425751 0.3977157473564148 0.04564514383673668 0.15888123214244843
0 0.6386000514030457 0.7024391889572144 0.032485008239746094 0.13080939650535583
