0 0.251323401927948 0.8325254917144775 0.1121165081858635 0.3315010070800781
0 0.8620110750198364 0.8645104169845581 0.13616161048412323 0.26993510127067566
0 0.5779018402099609 0.7557160258293152 0.12738309800624847 0.3940255343914032
0 0.45786505937576294 0.7522048354148865 0.1156454086303711 0.3826606273651123
0 0.6366479396820068 0.8523191809654236 0.12013498693704605 0.2940821051597595
0 0.7359790802001953 0.5766115784645081 0.10809078067541122 0.36995643377304077
0 0.9238430261611938 0.287301629781723 0.08120803534984589 0.216237410902977
0 0.16580814123153687 0.4796040952205658 0.09977784007787704 0.3375997841358185
0 0.1432422697544098 0.7046748399734497 0.11676887422800064 0.40861251950263977
0 0.7475720047950745 0.231025829911232 0.07851104438304901 0.2827853858470917
0 0.6540454626083374 0.6411422491073608 0.1084083542227745 0.25834885239601135
0 0.8656406402587891 0.14462539553642273 0.07036247104406357 0.24955818057060242
0 0.360540509223938 0.14199425280094147 0.06929512321949005 0.24972209334373474
0 0.8897476196289062 0.5849276781082153 0.10524444282054901 0.23063544929027557
0 0.8204508423805237 0.24597276747226715 0.0795171707868576 0.3150862455368042
0 0.5755023956298828 0.1114482581615448 0.07932224124670029 0.22118256986141205
0 0.40662336349487305 0.5666294693946838 0.18437537550926208 0.3586826026439667
0 0.45064449310302734 0.24480529129505157 0.09201478958129883 0.24705027043819427
0 0.9876916408538818 0.08650536835193634 0.024201774969697 0.17247222363948822
0 0.6942322850227356 0.11115162819623947 0.10712680965662003 0.22019696235656738
0 0.06269250065088272 0.622767984867096 0.09037967026233673 0.35567507147789
0 0.023823225870728493 0.4791276752948761 0.047646451741456985 0.5939664840698242
0 0.9688518643379211 0.8593515157699585 0.06151161342859268 0.28064286708831787
0 0.25850072503089905 0.49873650074005127 0.09415748715400696 0.3660065829753876
0 0.8727577328681946 0.724892258644104 0.16421623528003693 0.224875345826149
0 0.6330680847167969 0.05585115775465965 0.04885559156537056 0.1117023155093193
0 0.1581086963415146 0.212845116853714 0.09558064490556717 0.29795604944229126
