0 0.8349375128746033 0.818672776222229 0.16070957481861115 0.3617507517337799
0 0.053766511380672455 0.8459968566894531 0.10753302276134491 0.30693432688713074
0 0.7329143285751343 0.7427651286125183 0.1357385665178299 0.3801080882549286
0 0.560977578163147 0.6710938215255737 0.08730675280094147 0.3919677734375
0 0.8701086044311523 0.48450297117233276 0.12805747985839844 0.3419341444969177
0 0.9568302035331726 0.40451791882514954 0.0861591324210167 0.3678412437438965
0 0.45921576023101807 0.8489793539047241 0.10569553077220917 0.3011843264102936
0 0.28020259737968445 0.8192943930625916 0.11483760178089142 0.3614111542701721
0 0.48848405480384827 0.5136194229125977 0.11294934153556824 0.3852798342704773
0 0.10592539608478546 0.613753616809845 0.08412397652864456 0.3711603283882141
0 0.9593130350112915 0.16774849593639374 0.08050079643726349 0.24442070722579956
0 0.6576825380325317 0.3173883557319641 0.08556461334228516 0.31358012557029724
0 0.40025654435157776 0.4862959682941437 0.0855138748884201 0.3531250059604645
0 0.18680807948112488 0.9195836186408997 0.10376565903425217 0.1598607450723648
0 0.10056385397911072 0.20806221663951874 0.07427563518285751 0.31283411383628845
0 0.6716444492340088 0.5963283777236938 0.09628792107105255 0.30577215552330017
0 0.16087855398654938 0.6762802004814148 0.07864610850811005 0.34153464436531067
0 0.2616492807865143 0.40982547402381897 0.08748350292444229 0.3536350131034851
0 0.3036860227584839 0.16235396265983582 0.10059170424938202 0.28479719161987305
0 0.20782852172851562 0.4518764019012451 0.08376417309045792 0.2238738238811493
